sample_id,image_path,mask_path
image_1188,/Users/anykong/AAL_SD/data/Landslide4Sense/TrainData/img/image_1188.h5,/Users/anykong/AAL_SD/data/Landslide4Sense/TrainData/mask/image_1188.h5
image_2160,/Users/anykong/AAL_SD/data/Landslide4Sense/TrainData/img/image_2160.h5,/Users/anykong/AAL_SD/data/Landslide4Sense/TrainData/mask/image_2160.h5
image_2530,/Users/anykong/AAL_SD/data/Landslide4Sense/TrainData/img/image_2530.h5,/Users/anykong/AAL_SD/data/Landslide4Sense/TrainData/mask/image_2530.h5
image_3509,/Users/anykong/AAL_SD/data/Landslide4Sense/TrainData/img/image_3509.h5,/Users/anykong/AAL_SD/data/Landslide4Sense/TrainData/mask/image_3509.h5
image_2205,/Users/anykong/AAL_SD/data/Landslide4Sense/TrainData/img/image_2205.h5,/Users/anykong/AAL_SD/data/Landslide4Sense/TrainData/mask/image_2205.h5
image_3795,/Users/anykong/AAL_SD/data/Landslide4Sense/TrainData/img/image_3795.h5,/Users/anykong/AAL_SD/data/Landslide4Sense/TrainData/mask/image_3795.h5
image_3096,/Users/anykong/AAL_SD/data/Landslide4Sense/TrainData/img/image_3096.h5,/Users/anykong/AAL_SD/data/Landslide4Sense/TrainData/mask/image_3096.h5
image_499,/Users/anykong/AAL_SD/data/Landslide4Sense/TrainData/img/image_499.h5,/Users/anykong/AAL_SD/data/Landslide4Sense/TrainData/mask/image_499.h5
image_787,/Users/anykong/AAL_SD/data/Landslide4Sense/TrainData/img/image_787.h5,/Users/anykong/AAL_SD/data/Landslide4Sense/TrainData/mask/image_787.h5
image_3663,/Users/anykong/AAL_SD/data/Landslide4Sense/TrainData/img/image_3663.h5,/Users/anykong/AAL_SD/data/Landslide4Sense/TrainData/mask/image_3663.h5
image_2784,/Users/anykong/AAL_SD/data/Landslide4Sense/TrainData/img/image_2784.h5,/Users/anykong/AAL_SD/data/Landslide4Sense/TrainData/mask/image_2784.h5
image_3384,/Users/anykong/AAL_SD/data/Landslide4Sense/TrainData/img/image_3384.h5,/Users/anykong/AAL_SD/data/Landslide4Sense/TrainData/mask/image_3384.h5
image_2208,/Users/anykong/AAL_SD/data/Landslide4Sense/TrainData/img/image_2208.h5,/Users/anykong/AAL_SD/data/Landslide4Sense/TrainData/mask/image_2208.h5
image_1888,/Users/anykong/AAL_SD/data/Landslide4Sense/TrainData/img/image_1888.h5,/Users/anykong/AAL_SD/data/Landslide4Sense/TrainData/mask/image_1888.h5
image_2627,/Users/anykong/AAL_SD/data/Landslide4Sense/TrainData/img/image_2627.h5,/Users/anykong/AAL_SD/data/Landslide4Sense/TrainData/mask/image_2627.h5
image_1184,/Users/anykong/AAL_SD/data/Landslide4Sense/TrainData/img/image_1184.h5,/Users/anykong/AAL_SD/data/Landslide4Sense/TrainData/mask/image_1184.h5
image_3632,/Users/anykong/AAL_SD/data/Landslide4Sense/TrainData/img/image_3632.h5,/Users/anykong/AAL_SD/data/Landslide4Sense/TrainData/mask/image_3632.h5
image_401,/Users/anykong/AAL_SD/data/Landslide4Sense/TrainData/img/image_401.h5,/Users/anykong/AAL_SD/data/Landslide4Sense/TrainData/mask/image_401.h5
image_1593,/Users/anykong/AAL_SD/data/Landslide4Sense/TrainData/img/image_1593.h5,/Users/anykong/AAL_SD/data/Landslide4Sense/TrainData/mask/image_1593.h5
image_3022,/Users/anykong/AAL_SD/data/Landslide4Sense/TrainData/img/image_3022.h5,/Users/anykong/AAL_SD/data/Landslide4Sense/TrainData/mask/image_3022.h5
image_3280,/Users/anykong/AAL_SD/data/Landslide4Sense/TrainData/img/image_3280.h5,/Users/anykong/AAL_SD/data/Landslide4Sense/TrainData/mask/image_3280.h5
image_2162,/Users/anykong/AAL_SD/data/Landslide4Sense/TrainData/img/image_2162.h5,/Users/anykong/AAL_SD/data/Landslide4Sense/TrainData/mask/image_2162.h5
image_628,/Users/anykong/AAL_SD/data/Landslide4Sense/TrainData/img/image_628.h5,/Users/anykong/AAL_SD/data/Landslide4Sense/TrainData/mask/image_628.h5
image_1344,/Users/anykong/AAL_SD/data/Landslide4Sense/TrainData/img/image_1344.h5,/Users/anykong/AAL_SD/data/Landslide4Sense/TrainData/mask/image_1344.h5
image_2168,/Users/anykong/AAL_SD/data/Landslide4Sense/TrainData/img/image_2168.h5,/Users/anykong/AAL_SD/data/Landslide4Sense/TrainData/mask/image_2168.h5
image_3296,/Users/anykong/AAL_SD/data/Landslide4Sense/TrainData/img/image_3296.h5,/Users/anykong/AAL_SD/data/Landslide4Sense/TrainData/mask/image_3296.h5
image_750,/Users/anykong/AAL_SD/data/Landslide4Sense/TrainData/img/image_750.h5,/Users/anykong/AAL_SD/data/Landslide4Sense/TrainData/mask/image_750.h5
image_2865,/Users/anykong/AAL_SD/data/Landslide4Sense/TrainData/img/image_2865.h5,/Users/anykong/AAL_SD/data/Landslide4Sense/TrainData/mask/image_2865.h5
image_965,/Users/anykong/AAL_SD/data/Landslide4Sense/TrainData/img/image_965.h5,/Users/anykong/AAL_SD/data/Landslide4Sense/TrainData/mask/image_965.h5
image_2195,/Users/anykong/AAL_SD/data/Landslide4Sense/TrainData/img/image_2195.h5,/Users/anykong/AAL_SD/data/Landslide4Sense/TrainData/mask/image_2195.h5
image_3303,/Users/anykong/AAL_SD/data/Landslide4Sense/TrainData/img/image_3303.h5,/Users/anykong/AAL_SD/data/Landslide4Sense/TrainData/mask/image_3303.h5
image_1266,/Users/anykong/AAL_SD/data/Landslide4Sense/TrainData/img/image_1266.h5,/Users/anykong/AAL_SD/data/Landslide4Sense/TrainData/mask/image_1266.h5
image_1956,/Users/anykong/AAL_SD/data/Landslide4Sense/TrainData/img/image_1956.h5,/Users/anykong/AAL_SD/data/Landslide4Sense/TrainData/mask/image_1956.h5
image_2448,/Users/anykong/AAL_SD/data/Landslide4Sense/TrainData/img/image_2448.h5,/Users/anykong/AAL_SD/data/Landslide4Sense/TrainData/mask/image_2448.h5
image_1838,/Users/anykong/AAL_SD/data/Landslide4Sense/TrainData/img/image_1838.h5,/Users/anykong/AAL_SD/data/Landslide4Sense/TrainData/mask/image_1838.h5
image_1284,/Users/anykong/AAL_SD/data/Landslide4Sense/TrainData/img/image_1284.h5,/Users/anykong/AAL_SD/data/Landslide4Sense/TrainData/mask/image_1284.h5
image_817,/Users/anykong/AAL_SD/data/Landslide4Sense/TrainData/img/image_817.h5,/Users/anykong/AAL_SD/data/Landslide4Sense/TrainData/mask/image_817.h5
image_2365,/Users/anykong/AAL_SD/data/Landslide4Sense/TrainData/img/image_2365.h5,/Users/anykong/AAL_SD/data/Landslide4Sense/TrainData/mask/image_2365.h5
image_1307,/Users/anykong/AAL_SD/data/Landslide4Sense/TrainData/img/image_1307.h5,/Users/anykong/AAL_SD/data/Landslide4Sense/TrainData/mask/image_1307.h5
image_3725,/Users/anykong/AAL_SD/data/Landslide4Sense/TrainData/img/image_3725.h5,/Users/anykong/AAL_SD/data/Landslide4Sense/TrainData/mask/image_3725.h5
image_2261,/Users/anykong/AAL_SD/data/Landslide4Sense/TrainData/img/image_2261.h5,/Users/anykong/AAL_SD/data/Landslide4Sense/TrainData/mask/image_2261.h5
image_2986,/Users/anykong/AAL_SD/data/Landslide4Sense/TrainData/img/image_2986.h5,/Users/anykong/AAL_SD/data/Landslide4Sense/TrainData/mask/image_2986.h5
image_1179,/Users/anykong/AAL_SD/data/Landslide4Sense/TrainData/img/image_1179.h5,/Users/anykong/AAL_SD/data/Landslide4Sense/TrainData/mask/image_1179.h5
image_167,/Users/anykong/AAL_SD/data/Landslide4Sense/TrainData/img/image_167.h5,/Users/anykong/AAL_SD/data/Landslide4Sense/TrainData/mask/image_167.h5
image_2342,/Users/anykong/AAL_SD/data/Landslide4Sense/TrainData/img/image_2342.h5,/Users/anykong/AAL_SD/data/Landslide4Sense/TrainData/mask/image_2342.h5
image_3388,/Users/anykong/AAL_SD/data/Landslide4Sense/TrainData/img/image_3388.h5,/Users/anykong/AAL_SD/data/Landslide4Sense/TrainData/mask/image_3388.h5
image_2325,/Users/anykong/AAL_SD/data/Landslide4Sense/TrainData/img/image_2325.h5,/Users/anykong/AAL_SD/data/Landslide4Sense/TrainData/mask/image_2325.h5
image_318,/Users/anykong/AAL_SD/data/Landslide4Sense/TrainData/img/image_318.h5,/Users/anykong/AAL_SD/data/Landslide4Sense/TrainData/mask/image_318.h5
image_98,/Users/anykong/AAL_SD/data/Landslide4Sense/TrainData/img/image_98.h5,/Users/anykong/AAL_SD/data/Landslide4Sense/TrainData/mask/image_98.h5
image_10,/Users/anykong/AAL_SD/data/Landslide4Sense/TrainData/img/image_10.h5,/Users/anykong/AAL_SD/data/Landslide4Sense/TrainData/mask/image_10.h5
image_3668,/Users/anykong/AAL_SD/data/Landslide4Sense/TrainData/img/image_3668.h5,/Users/anykong/AAL_SD/data/Landslide4Sense/TrainData/mask/image_3668.h5
image_3240,/Users/anykong/AAL_SD/data/Landslide4Sense/TrainData/img/image_3240.h5,/Users/anykong/AAL_SD/data/Landslide4Sense/TrainData/mask/image_3240.h5
image_2409,/Users/anykong/AAL_SD/data/Landslide4Sense/TrainData/img/image_2409.h5,/Users/anykong/AAL_SD/data/Landslide4Sense/TrainData/mask/image_2409.h5
image_731,/Users/anykong/AAL_SD/data/Landslide4Sense/TrainData/img/image_731.h5,/Users/anykong/AAL_SD/data/Landslide4Sense/TrainData/mask/image_731.h5
image_3588,/Users/anykong/AAL_SD/data/Landslide4Sense/TrainData/img/image_3588.h5,/Users/anykong/AAL_SD/data/Landslide4Sense/TrainData/mask/image_3588.h5
image_2300,/Users/anykong/AAL_SD/data/Landslide4Sense/TrainData/img/image_2300.h5,/Users/anykong/AAL_SD/data/Landslide4Sense/TrainData/mask/image_2300.h5
image_2428,/Users/anykong/AAL_SD/data/Landslide4Sense/TrainData/img/image_2428.h5,/Users/anykong/AAL_SD/data/Landslide4Sense/TrainData/mask/image_2428.h5
image_55,/Users/anykong/AAL_SD/data/Landslide4Sense/TrainData/img/image_55.h5,/Users/anykong/AAL_SD/data/Landslide4Sense/TrainData/mask/image_55.h5
image_2141,/Users/anykong/AAL_SD/data/Landslide4Sense/TrainData/img/image_2141.h5,/Users/anykong/AAL_SD/data/Landslide4Sense/TrainData/mask/image_2141.h5
image_3717,/Users/anykong/AAL_SD/data/Landslide4Sense/TrainData/img/image_3717.h5,/Users/anykong/AAL_SD/data/Landslide4Sense/TrainData/mask/image_3717.h5
image_1760,/Users/anykong/AAL_SD/data/Landslide4Sense/TrainData/img/image_1760.h5,/Users/anykong/AAL_SD/data/Landslide4Sense/TrainData/mask/image_1760.h5
image_486,/Users/anykong/AAL_SD/data/Landslide4Sense/TrainData/img/image_486.h5,/Users/anykong/AAL_SD/data/Landslide4Sense/TrainData/mask/image_486.h5
image_634,/Users/anykong/AAL_SD/data/Landslide4Sense/TrainData/img/image_634.h5,/Users/anykong/AAL_SD/data/Landslide4Sense/TrainData/mask/image_634.h5
image_635,/Users/anykong/AAL_SD/data/Landslide4Sense/TrainData/img/image_635.h5,/Users/anykong/AAL_SD/data/Landslide4Sense/TrainData/mask/image_635.h5
image_257,/Users/anykong/AAL_SD/data/Landslide4Sense/TrainData/img/image_257.h5,/Users/anykong/AAL_SD/data/Landslide4Sense/TrainData/mask/image_257.h5
image_2586,/Users/anykong/AAL_SD/data/Landslide4Sense/TrainData/img/image_2586.h5,/Users/anykong/AAL_SD/data/Landslide4Sense/TrainData/mask/image_2586.h5
image_781,/Users/anykong/AAL_SD/data/Landslide4Sense/TrainData/img/image_781.h5,/Users/anykong/AAL_SD/data/Landslide4Sense/TrainData/mask/image_781.h5
image_2556,/Users/anykong/AAL_SD/data/Landslide4Sense/TrainData/img/image_2556.h5,/Users/anykong/AAL_SD/data/Landslide4Sense/TrainData/mask/image_2556.h5
image_1799,/Users/anykong/AAL_SD/data/Landslide4Sense/TrainData/img/image_1799.h5,/Users/anykong/AAL_SD/data/Landslide4Sense/TrainData/mask/image_1799.h5
image_1840,/Users/anykong/AAL_SD/data/Landslide4Sense/TrainData/img/image_1840.h5,/Users/anykong/AAL_SD/data/Landslide4Sense/TrainData/mask/image_1840.h5
image_323,/Users/anykong/AAL_SD/data/Landslide4Sense/TrainData/img/image_323.h5,/Users/anykong/AAL_SD/data/Landslide4Sense/TrainData/mask/image_323.h5
image_570,/Users/anykong/AAL_SD/data/Landslide4Sense/TrainData/img/image_570.h5,/Users/anykong/AAL_SD/data/Landslide4Sense/TrainData/mask/image_570.h5
image_3487,/Users/anykong/AAL_SD/data/Landslide4Sense/TrainData/img/image_3487.h5,/Users/anykong/AAL_SD/data/Landslide4Sense/TrainData/mask/image_3487.h5
image_1846,/Users/anykong/AAL_SD/data/Landslide4Sense/TrainData/img/image_1846.h5,/Users/anykong/AAL_SD/data/Landslide4Sense/TrainData/mask/image_1846.h5
image_692,/Users/anykong/AAL_SD/data/Landslide4Sense/TrainData/img/image_692.h5,/Users/anykong/AAL_SD/data/Landslide4Sense/TrainData/mask/image_692.h5
image_2998,/Users/anykong/AAL_SD/data/Landslide4Sense/TrainData/img/image_2998.h5,/Users/anykong/AAL_SD/data/Landslide4Sense/TrainData/mask/image_2998.h5
image_3049,/Users/anykong/AAL_SD/data/Landslide4Sense/TrainData/img/image_3049.h5,/Users/anykong/AAL_SD/data/Landslide4Sense/TrainData/mask/image_3049.h5
image_2910,/Users/anykong/AAL_SD/data/Landslide4Sense/TrainData/img/image_2910.h5,/Users/anykong/AAL_SD/data/Landslide4Sense/TrainData/mask/image_2910.h5
image_265,/Users/anykong/AAL_SD/data/Landslide4Sense/TrainData/img/image_265.h5,/Users/anykong/AAL_SD/data/Landslide4Sense/TrainData/mask/image_265.h5
image_3564,/Users/anykong/AAL_SD/data/Landslide4Sense/TrainData/img/image_3564.h5,/Users/anykong/AAL_SD/data/Landslide4Sense/TrainData/mask/image_3564.h5
image_3430,/Users/anykong/AAL_SD/data/Landslide4Sense/TrainData/img/image_3430.h5,/Users/anykong/AAL_SD/data/Landslide4Sense/TrainData/mask/image_3430.h5
image_2258,/Users/anykong/AAL_SD/data/Landslide4Sense/TrainData/img/image_2258.h5,/Users/anykong/AAL_SD/data/Landslide4Sense/TrainData/mask/image_2258.h5
image_3569,/Users/anykong/AAL_SD/data/Landslide4Sense/TrainData/img/image_3569.h5,/Users/anykong/AAL_SD/data/Landslide4Sense/TrainData/mask/image_3569.h5
image_2734,/Users/anykong/AAL_SD/data/Landslide4Sense/TrainData/img/image_2734.h5,/Users/anykong/AAL_SD/data/Landslide4Sense/TrainData/mask/image_2734.h5
image_54,/Users/anykong/AAL_SD/data/Landslide4Sense/TrainData/img/image_54.h5,/Users/anykong/AAL_SD/data/Landslide4Sense/TrainData/mask/image_54.h5
image_2955,/Users/anykong/AAL_SD/data/Landslide4Sense/TrainData/img/image_2955.h5,/Users/anykong/AAL_SD/data/Landslide4Sense/TrainData/mask/image_2955.h5
image_3605,/Users/anykong/AAL_SD/data/Landslide4Sense/TrainData/img/image_3605.h5,/Users/anykong/AAL_SD/data/Landslide4Sense/TrainData/mask/image_3605.h5
image_1467,/Users/anykong/AAL_SD/data/Landslide4Sense/TrainData/img/image_1467.h5,/Users/anykong/AAL_SD/data/Landslide4Sense/TrainData/mask/image_1467.h5
image_3464,/Users/anykong/AAL_SD/data/Landslide4Sense/TrainData/img/image_3464.h5,/Users/anykong/AAL_SD/data/Landslide4Sense/TrainData/mask/image_3464.h5
image_235,/Users/anykong/AAL_SD/data/Landslide4Sense/TrainData/img/image_235.h5,/Users/anykong/AAL_SD/data/Landslide4Sense/TrainData/mask/image_235.h5
image_1432,/Users/anykong/AAL_SD/data/Landslide4Sense/TrainData/img/image_1432.h5,/Users/anykong/AAL_SD/data/Landslide4Sense/TrainData/mask/image_1432.h5
image_1419,/Users/anykong/AAL_SD/data/Landslide4Sense/TrainData/img/image_1419.h5,/Users/anykong/AAL_SD/data/Landslide4Sense/TrainData/mask/image_1419.h5
image_3080,/Users/anykong/AAL_SD/data/Landslide4Sense/TrainData/img/image_3080.h5,/Users/anykong/AAL_SD/data/Landslide4Sense/TrainData/mask/image_3080.h5
image_3027,/Users/anykong/AAL_SD/data/Landslide4Sense/TrainData/img/image_3027.h5,/Users/anykong/AAL_SD/data/Landslide4Sense/TrainData/mask/image_3027.h5
image_2914,/Users/anykong/AAL_SD/data/Landslide4Sense/TrainData/img/image_2914.h5,/Users/anykong/AAL_SD/data/Landslide4Sense/TrainData/mask/image_2914.h5
image_2942,/Users/anykong/AAL_SD/data/Landslide4Sense/TrainData/img/image_2942.h5,/Users/anykong/AAL_SD/data/Landslide4Sense/TrainData/mask/image_2942.h5
image_2689,/Users/anykong/AAL_SD/data/Landslide4Sense/TrainData/img/image_2689.h5,/Users/anykong/AAL_SD/data/Landslide4Sense/TrainData/mask/image_2689.h5
image_3328,/Users/anykong/AAL_SD/data/Landslide4Sense/TrainData/img/image_3328.h5,/Users/anykong/AAL_SD/data/Landslide4Sense/TrainData/mask/image_3328.h5
image_3445,/Users/anykong/AAL_SD/data/Landslide4Sense/TrainData/img/image_3445.h5,/Users/anykong/AAL_SD/data/Landslide4Sense/TrainData/mask/image_3445.h5
image_3665,/Users/anykong/AAL_SD/data/Landslide4Sense/TrainData/img/image_3665.h5,/Users/anykong/AAL_SD/data/Landslide4Sense/TrainData/mask/image_3665.h5
image_11,/Users/anykong/AAL_SD/data/Landslide4Sense/TrainData/img/image_11.h5,/Users/anykong/AAL_SD/data/Landslide4Sense/TrainData/mask/image_11.h5
image_2080,/Users/anykong/AAL_SD/data/Landslide4Sense/TrainData/img/image_2080.h5,/Users/anykong/AAL_SD/data/Landslide4Sense/TrainData/mask/image_2080.h5
image_2630,/Users/anykong/AAL_SD/data/Landslide4Sense/TrainData/img/image_2630.h5,/Users/anykong/AAL_SD/data/Landslide4Sense/TrainData/mask/image_2630.h5
image_3050,/Users/anykong/AAL_SD/data/Landslide4Sense/TrainData/img/image_3050.h5,/Users/anykong/AAL_SD/data/Landslide4Sense/TrainData/mask/image_3050.h5
image_995,/Users/anykong/AAL_SD/data/Landslide4Sense/TrainData/img/image_995.h5,/Users/anykong/AAL_SD/data/Landslide4Sense/TrainData/mask/image_995.h5
image_3093,/Users/anykong/AAL_SD/data/Landslide4Sense/TrainData/img/image_3093.h5,/Users/anykong/AAL_SD/data/Landslide4Sense/TrainData/mask/image_3093.h5
image_854,/Users/anykong/AAL_SD/data/Landslide4Sense/TrainData/img/image_854.h5,/Users/anykong/AAL_SD/data/Landslide4Sense/TrainData/mask/image_854.h5
image_1324,/Users/anykong/AAL_SD/data/Landslide4Sense/TrainData/img/image_1324.h5,/Users/anykong/AAL_SD/data/Landslide4Sense/TrainData/mask/image_1324.h5
image_992,/Users/anykong/AAL_SD/data/Landslide4Sense/TrainData/img/image_992.h5,/Users/anykong/AAL_SD/data/Landslide4Sense/TrainData/mask/image_992.h5
image_1789,/Users/anykong/AAL_SD/data/Landslide4Sense/TrainData/img/image_1789.h5,/Users/anykong/AAL_SD/data/Landslide4Sense/TrainData/mask/image_1789.h5
image_14,/Users/anykong/AAL_SD/data/Landslide4Sense/TrainData/img/image_14.h5,/Users/anykong/AAL_SD/data/Landslide4Sense/TrainData/mask/image_14.h5
image_3416,/Users/anykong/AAL_SD/data/Landslide4Sense/TrainData/img/image_3416.h5,/Users/anykong/AAL_SD/data/Landslide4Sense/TrainData/mask/image_3416.h5
image_1892,/Users/anykong/AAL_SD/data/Landslide4Sense/TrainData/img/image_1892.h5,/Users/anykong/AAL_SD/data/Landslide4Sense/TrainData/mask/image_1892.h5
image_2339,/Users/anykong/AAL_SD/data/Landslide4Sense/TrainData/img/image_2339.h5,/Users/anykong/AAL_SD/data/Landslide4Sense/TrainData/mask/image_2339.h5
image_2940,/Users/anykong/AAL_SD/data/Landslide4Sense/TrainData/img/image_2940.h5,/Users/anykong/AAL_SD/data/Landslide4Sense/TrainData/mask/image_2940.h5
image_739,/Users/anykong/AAL_SD/data/Landslide4Sense/TrainData/img/image_739.h5,/Users/anykong/AAL_SD/data/Landslide4Sense/TrainData/mask/image_739.h5
image_962,/Users/anykong/AAL_SD/data/Landslide4Sense/TrainData/img/image_962.h5,/Users/anykong/AAL_SD/data/Landslide4Sense/TrainData/mask/image_962.h5
image_2781,/Users/anykong/AAL_SD/data/Landslide4Sense/TrainData/img/image_2781.h5,/Users/anykong/AAL_SD/data/Landslide4Sense/TrainData/mask/image_2781.h5
image_660,/Users/anykong/AAL_SD/data/Landslide4Sense/TrainData/img/image_660.h5,/Users/anykong/AAL_SD/data/Landslide4Sense/TrainData/mask/image_660.h5
image_2116,/Users/anykong/AAL_SD/data/Landslide4Sense/TrainData/img/image_2116.h5,/Users/anykong/AAL_SD/data/Landslide4Sense/TrainData/mask/image_2116.h5
image_1894,/Users/anykong/AAL_SD/data/Landslide4Sense/TrainData/img/image_1894.h5,/Users/anykong/AAL_SD/data/Landslide4Sense/TrainData/mask/image_1894.h5
image_2872,/Users/anykong/AAL_SD/data/Landslide4Sense/TrainData/img/image_2872.h5,/Users/anykong/AAL_SD/data/Landslide4Sense/TrainData/mask/image_2872.h5
image_2669,/Users/anykong/AAL_SD/data/Landslide4Sense/TrainData/img/image_2669.h5,/Users/anykong/AAL_SD/data/Landslide4Sense/TrainData/mask/image_2669.h5
image_1422,/Users/anykong/AAL_SD/data/Landslide4Sense/TrainData/img/image_1422.h5,/Users/anykong/AAL_SD/data/Landslide4Sense/TrainData/mask/image_1422.h5
image_3785,/Users/anykong/AAL_SD/data/Landslide4Sense/TrainData/img/image_3785.h5,/Users/anykong/AAL_SD/data/Landslide4Sense/TrainData/mask/image_3785.h5
image_2769,/Users/anykong/AAL_SD/data/Landslide4Sense/TrainData/img/image_2769.h5,/Users/anykong/AAL_SD/data/Landslide4Sense/TrainData/mask/image_2769.h5
image_1550,/Users/anykong/AAL_SD/data/Landslide4Sense/TrainData/img/image_1550.h5,/Users/anykong/AAL_SD/data/Landslide4Sense/TrainData/mask/image_1550.h5
image_2140,/Users/anykong/AAL_SD/data/Landslide4Sense/TrainData/img/image_2140.h5,/Users/anykong/AAL_SD/data/Landslide4Sense/TrainData/mask/image_2140.h5
image_3438,/Users/anykong/AAL_SD/data/Landslide4Sense/TrainData/img/image_3438.h5,/Users/anykong/AAL_SD/data/Landslide4Sense/TrainData/mask/image_3438.h5
image_1926,/Users/anykong/AAL_SD/data/Landslide4Sense/TrainData/img/image_1926.h5,/Users/anykong/AAL_SD/data/Landslide4Sense/TrainData/mask/image_1926.h5
image_637,/Users/anykong/AAL_SD/data/Landslide4Sense/TrainData/img/image_637.h5,/Users/anykong/AAL_SD/data/Landslide4Sense/TrainData/mask/image_637.h5
image_3575,/Users/anykong/AAL_SD/data/Landslide4Sense/TrainData/img/image_3575.h5,/Users/anykong/AAL_SD/data/Landslide4Sense/TrainData/mask/image_3575.h5
image_2369,/Users/anykong/AAL_SD/data/Landslide4Sense/TrainData/img/image_2369.h5,/Users/anykong/AAL_SD/data/Landslide4Sense/TrainData/mask/image_2369.h5
image_1084,/Users/anykong/AAL_SD/data/Landslide4Sense/TrainData/img/image_1084.h5,/Users/anykong/AAL_SD/data/Landslide4Sense/TrainData/mask/image_1084.h5
image_574,/Users/anykong/AAL_SD/data/Landslide4Sense/TrainData/img/image_574.h5,/Users/anykong/AAL_SD/data/Landslide4Sense/TrainData/mask/image_574.h5
image_1143,/Users/anykong/AAL_SD/data/Landslide4Sense/TrainData/img/image_1143.h5,/Users/anykong/AAL_SD/data/Landslide4Sense/TrainData/mask/image_1143.h5
image_1885,/Users/anykong/AAL_SD/data/Landslide4Sense/TrainData/img/image_1885.h5,/Users/anykong/AAL_SD/data/Landslide4Sense/TrainData/mask/image_1885.h5
image_666,/Users/anykong/AAL_SD/data/Landslide4Sense/TrainData/img/image_666.h5,/Users/anykong/AAL_SD/data/Landslide4Sense/TrainData/mask/image_666.h5
image_1756,/Users/anykong/AAL_SD/data/Landslide4Sense/TrainData/img/image_1756.h5,/Users/anykong/AAL_SD/data/Landslide4Sense/TrainData/mask/image_1756.h5
image_1466,/Users/anykong/AAL_SD/data/Landslide4Sense/TrainData/img/image_1466.h5,/Users/anykong/AAL_SD/data/Landslide4Sense/TrainData/mask/image_1466.h5
image_1349,/Users/anykong/AAL_SD/data/Landslide4Sense/TrainData/img/image_1349.h5,/Users/anykong/AAL_SD/data/Landslide4Sense/TrainData/mask/image_1349.h5
image_1242,/Users/anykong/AAL_SD/data/Landslide4Sense/TrainData/img/image_1242.h5,/Users/anykong/AAL_SD/data/Landslide4Sense/TrainData/mask/image_1242.h5
image_1681,/Users/anykong/AAL_SD/data/Landslide4Sense/TrainData/img/image_1681.h5,/Users/anykong/AAL_SD/data/Landslide4Sense/TrainData/mask/image_1681.h5
image_654,/Users/anykong/AAL_SD/data/Landslide4Sense/TrainData/img/image_654.h5,/Users/anykong/AAL_SD/data/Landslide4Sense/TrainData/mask/image_654.h5
image_1312,/Users/anykong/AAL_SD/data/Landslide4Sense/TrainData/img/image_1312.h5,/Users/anykong/AAL_SD/data/Landslide4Sense/TrainData/mask/image_1312.h5
image_2274,/Users/anykong/AAL_SD/data/Landslide4Sense/TrainData/img/image_2274.h5,/Users/anykong/AAL_SD/data/Landslide4Sense/TrainData/mask/image_2274.h5
image_504,/Users/anykong/AAL_SD/data/Landslide4Sense/TrainData/img/image_504.h5,/Users/anykong/AAL_SD/data/Landslide4Sense/TrainData/mask/image_504.h5
image_168,/Users/anykong/AAL_SD/data/Landslide4Sense/TrainData/img/image_168.h5,/Users/anykong/AAL_SD/data/Landslide4Sense/TrainData/mask/image_168.h5
image_3666,/Users/anykong/AAL_SD/data/Landslide4Sense/TrainData/img/image_3666.h5,/Users/anykong/AAL_SD/data/Landslide4Sense/TrainData/mask/image_3666.h5
image_172,/Users/anykong/AAL_SD/data/Landslide4Sense/TrainData/img/image_172.h5,/Users/anykong/AAL_SD/data/Landslide4Sense/TrainData/mask/image_172.h5
image_2643,/Users/anykong/AAL_SD/data/Landslide4Sense/TrainData/img/image_2643.h5,/Users/anykong/AAL_SD/data/Landslide4Sense/TrainData/mask/image_2643.h5
image_3285,/Users/anykong/AAL_SD/data/Landslide4Sense/TrainData/img/image_3285.h5,/Users/anykong/AAL_SD/data/Landslide4Sense/TrainData/mask/image_3285.h5
image_334,/Users/anykong/AAL_SD/data/Landslide4Sense/TrainData/img/image_334.h5,/Users/anykong/AAL_SD/data/Landslide4Sense/TrainData/mask/image_334.h5
image_1474,/Users/anykong/AAL_SD/data/Landslide4Sense/TrainData/img/image_1474.h5,/Users/anykong/AAL_SD/data/Landslide4Sense/TrainData/mask/image_1474.h5
image_3439,/Users/anykong/AAL_SD/data/Landslide4Sense/TrainData/img/image_3439.h5,/Users/anykong/AAL_SD/data/Landslide4Sense/TrainData/mask/image_3439.h5
image_1796,/Users/anykong/AAL_SD/data/Landslide4Sense/TrainData/img/image_1796.h5,/Users/anykong/AAL_SD/data/Landslide4Sense/TrainData/mask/image_1796.h5
image_2618,/Users/anykong/AAL_SD/data/Landslide4Sense/TrainData/img/image_2618.h5,/Users/anykong/AAL_SD/data/Landslide4Sense/TrainData/mask/image_2618.h5
image_946,/Users/anykong/AAL_SD/data/Landslide4Sense/TrainData/img/image_946.h5,/Users/anykong/AAL_SD/data/Landslide4Sense/TrainData/mask/image_946.h5
image_851,/Users/anykong/AAL_SD/data/Landslide4Sense/TrainData/img/image_851.h5,/Users/anykong/AAL_SD/data/Landslide4Sense/TrainData/mask/image_851.h5
image_2778,/Users/anykong/AAL_SD/data/Landslide4Sense/TrainData/img/image_2778.h5,/Users/anykong/AAL_SD/data/Landslide4Sense/TrainData/mask/image_2778.h5
image_2605,/Users/anykong/AAL_SD/data/Landslide4Sense/TrainData/img/image_2605.h5,/Users/anykong/AAL_SD/data/Landslide4Sense/TrainData/mask/image_2605.h5
image_2494,/Users/anykong/AAL_SD/data/Landslide4Sense/TrainData/img/image_2494.h5,/Users/anykong/AAL_SD/data/Landslide4Sense/TrainData/mask/image_2494.h5
image_773,/Users/anykong/AAL_SD/data/Landslide4Sense/TrainData/img/image_773.h5,/Users/anykong/AAL_SD/data/Landslide4Sense/TrainData/mask/image_773.h5
image_1932,/Users/anykong/AAL_SD/data/Landslide4Sense/TrainData/img/image_1932.h5,/Users/anykong/AAL_SD/data/Landslide4Sense/TrainData/mask/image_1932.h5
image_2136,/Users/anykong/AAL_SD/data/Landslide4Sense/TrainData/img/image_2136.h5,/Users/anykong/AAL_SD/data/Landslide4Sense/TrainData/mask/image_2136.h5
image_3324,/Users/anykong/AAL_SD/data/Landslide4Sense/TrainData/img/image_3324.h5,/Users/anykong/AAL_SD/data/Landslide4Sense/TrainData/mask/image_3324.h5
image_1318,/Users/anykong/AAL_SD/data/Landslide4Sense/TrainData/img/image_1318.h5,/Users/anykong/AAL_SD/data/Landslide4Sense/TrainData/mask/image_1318.h5
image_1686,/Users/anykong/AAL_SD/data/Landslide4Sense/TrainData/img/image_1686.h5,/Users/anykong/AAL_SD/data/Landslide4Sense/TrainData/mask/image_1686.h5
image_2662,/Users/anykong/AAL_SD/data/Landslide4Sense/TrainData/img/image_2662.h5,/Users/anykong/AAL_SD/data/Landslide4Sense/TrainData/mask/image_2662.h5
image_1492,/Users/anykong/AAL_SD/data/Landslide4Sense/TrainData/img/image_1492.h5,/Users/anykong/AAL_SD/data/Landslide4Sense/TrainData/mask/image_1492.h5
image_704,/Users/anykong/AAL_SD/data/Landslide4Sense/TrainData/img/image_704.h5,/Users/anykong/AAL_SD/data/Landslide4Sense/TrainData/mask/image_704.h5
image_1246,/Users/anykong/AAL_SD/data/Landslide4Sense/TrainData/img/image_1246.h5,/Users/anykong/AAL_SD/data/Landslide4Sense/TrainData/mask/image_1246.h5
image_791,/Users/anykong/AAL_SD/data/Landslide4Sense/TrainData/img/image_791.h5,/Users/anykong/AAL_SD/data/Landslide4Sense/TrainData/mask/image_791.h5
image_2293,/Users/anykong/AAL_SD/data/Landslide4Sense/TrainData/img/image_2293.h5,/Users/anykong/AAL_SD/data/Landslide4Sense/TrainData/mask/image_2293.h5
image_3352,/Users/anykong/AAL_SD/data/Landslide4Sense/TrainData/img/image_3352.h5,/Users/anykong/AAL_SD/data/Landslide4Sense/TrainData/mask/image_3352.h5
image_1361,/Users/anykong/AAL_SD/data/Landslide4Sense/TrainData/img/image_1361.h5,/Users/anykong/AAL_SD/data/Landslide4Sense/TrainData/mask/image_1361.h5
image_1060,/Users/anykong/AAL_SD/data/Landslide4Sense/TrainData/img/image_1060.h5,/Users/anykong/AAL_SD/data/Landslide4Sense/TrainData/mask/image_1060.h5
image_847,/Users/anykong/AAL_SD/data/Landslide4Sense/TrainData/img/image_847.h5,/Users/anykong/AAL_SD/data/Landslide4Sense/TrainData/mask/image_847.h5
image_2005,/Users/anykong/AAL_SD/data/Landslide4Sense/TrainData/img/image_2005.h5,/Users/anykong/AAL_SD/data/Landslide4Sense/TrainData/mask/image_2005.h5
image_1814,/Users/anykong/AAL_SD/data/Landslide4Sense/TrainData/img/image_1814.h5,/Users/anykong/AAL_SD/data/Landslide4Sense/TrainData/mask/image_1814.h5
image_587,/Users/anykong/AAL_SD/data/Landslide4Sense/TrainData/img/image_587.h5,/Users/anykong/AAL_SD/data/Landslide4Sense/TrainData/mask/image_587.h5
image_379,/Users/anykong/AAL_SD/data/Landslide4Sense/TrainData/img/image_379.h5,/Users/anykong/AAL_SD/data/Landslide4Sense/TrainData/mask/image_379.h5
image_2038,/Users/anykong/AAL_SD/data/Landslide4Sense/TrainData/img/image_2038.h5,/Users/anykong/AAL_SD/data/Landslide4Sense/TrainData/mask/image_2038.h5
image_2727,/Users/anykong/AAL_SD/data/Landslide4Sense/TrainData/img/image_2727.h5,/Users/anykong/AAL_SD/data/Landslide4Sense/TrainData/mask/image_2727.h5
image_3627,/Users/anykong/AAL_SD/data/Landslide4Sense/TrainData/img/image_3627.h5,/Users/anykong/AAL_SD/data/Landslide4Sense/TrainData/mask/image_3627.h5
image_450,/Users/anykong/AAL_SD/data/Landslide4Sense/TrainData/img/image_450.h5,/Users/anykong/AAL_SD/data/Landslide4Sense/TrainData/mask/image_450.h5
image_80,/Users/anykong/AAL_SD/data/Landslide4Sense/TrainData/img/image_80.h5,/Users/anykong/AAL_SD/data/Landslide4Sense/TrainData/mask/image_80.h5
image_364,/Users/anykong/AAL_SD/data/Landslide4Sense/TrainData/img/image_364.h5,/Users/anykong/AAL_SD/data/Landslide4Sense/TrainData/mask/image_364.h5
image_714,/Users/anykong/AAL_SD/data/Landslide4Sense/TrainData/img/image_714.h5,/Users/anykong/AAL_SD/data/Landslide4Sense/TrainData/mask/image_714.h5
image_3258,/Users/anykong/AAL_SD/data/Landslide4Sense/TrainData/img/image_3258.h5,/Users/anykong/AAL_SD/data/Landslide4Sense/TrainData/mask/image_3258.h5
image_1346,/Users/anykong/AAL_SD/data/Landslide4Sense/TrainData/img/image_1346.h5,/Users/anykong/AAL_SD/data/Landslide4Sense/TrainData/mask/image_1346.h5
image_60,/Users/anykong/AAL_SD/data/Landslide4Sense/TrainData/img/image_60.h5,/Users/anykong/AAL_SD/data/Landslide4Sense/TrainData/mask/image_60.h5
image_208,/Users/anykong/AAL_SD/data/Landslide4Sense/TrainData/img/image_208.h5,/Users/anykong/AAL_SD/data/Landslide4Sense/TrainData/mask/image_208.h5
image_2326,/Users/anykong/AAL_SD/data/Landslide4Sense/TrainData/img/image_2326.h5,/Users/anykong/AAL_SD/data/Landslide4Sense/TrainData/mask/image_2326.h5
image_1682,/Users/anykong/AAL_SD/data/Landslide4Sense/TrainData/img/image_1682.h5,/Users/anykong/AAL_SD/data/Landslide4Sense/TrainData/mask/image_1682.h5
image_2442,/Users/anykong/AAL_SD/data/Landslide4Sense/TrainData/img/image_2442.h5,/Users/anykong/AAL_SD/data/Landslide4Sense/TrainData/mask/image_2442.h5
image_1480,/Users/anykong/AAL_SD/data/Landslide4Sense/TrainData/img/image_1480.h5,/Users/anykong/AAL_SD/data/Landslide4Sense/TrainData/mask/image_1480.h5
image_3299,/Users/anykong/AAL_SD/data/Landslide4Sense/TrainData/img/image_3299.h5,/Users/anykong/AAL_SD/data/Landslide4Sense/TrainData/mask/image_3299.h5
image_3778,/Users/anykong/AAL_SD/data/Landslide4Sense/TrainData/img/image_3778.h5,/Users/anykong/AAL_SD/data/Landslide4Sense/TrainData/mask/image_3778.h5
image_2277,/Users/anykong/AAL_SD/data/Landslide4Sense/TrainData/img/image_2277.h5,/Users/anykong/AAL_SD/data/Landslide4Sense/TrainData/mask/image_2277.h5
image_3512,/Users/anykong/AAL_SD/data/Landslide4Sense/TrainData/img/image_3512.h5,/Users/anykong/AAL_SD/data/Landslide4Sense/TrainData/mask/image_3512.h5
image_3026,/Users/anykong/AAL_SD/data/Landslide4Sense/TrainData/img/image_3026.h5,/Users/anykong/AAL_SD/data/Landslide4Sense/TrainData/mask/image_3026.h5
image_2951,/Users/anykong/AAL_SD/data/Landslide4Sense/TrainData/img/image_2951.h5,/Users/anykong/AAL_SD/data/Landslide4Sense/TrainData/mask/image_2951.h5
image_967,/Users/anykong/AAL_SD/data/Landslide4Sense/TrainData/img/image_967.h5,/Users/anykong/AAL_SD/data/Landslide4Sense/TrainData/mask/image_967.h5
image_3429,/Users/anykong/AAL_SD/data/Landslide4Sense/TrainData/img/image_3429.h5,/Users/anykong/AAL_SD/data/Landslide4Sense/TrainData/mask/image_3429.h5
image_2094,/Users/anykong/AAL_SD/data/Landslide4Sense/TrainData/img/image_2094.h5,/Users/anykong/AAL_SD/data/Landslide4Sense/TrainData/mask/image_2094.h5
image_305,/Users/anykong/AAL_SD/data/Landslide4Sense/TrainData/img/image_305.h5,/Users/anykong/AAL_SD/data/Landslide4Sense/TrainData/mask/image_305.h5
image_1791,/Users/anykong/AAL_SD/data/Landslide4Sense/TrainData/img/image_1791.h5,/Users/anykong/AAL_SD/data/Landslide4Sense/TrainData/mask/image_1791.h5
image_862,/Users/anykong/AAL_SD/data/Landslide4Sense/TrainData/img/image_862.h5,/Users/anykong/AAL_SD/data/Landslide4Sense/TrainData/mask/image_862.h5
image_3335,/Users/anykong/AAL_SD/data/Landslide4Sense/TrainData/img/image_3335.h5,/Users/anykong/AAL_SD/data/Landslide4Sense/TrainData/mask/image_3335.h5
image_492,/Users/anykong/AAL_SD/data/Landslide4Sense/TrainData/img/image_492.h5,/Users/anykong/AAL_SD/data/Landslide4Sense/TrainData/mask/image_492.h5
image_2546,/Users/anykong/AAL_SD/data/Landslide4Sense/TrainData/img/image_2546.h5,/Users/anykong/AAL_SD/data/Landslide4Sense/TrainData/mask/image_2546.h5
image_3789,/Users/anykong/AAL_SD/data/Landslide4Sense/TrainData/img/image_3789.h5,/Users/anykong/AAL_SD/data/Landslide4Sense/TrainData/mask/image_3789.h5
image_758,/Users/anykong/AAL_SD/data/Landslide4Sense/TrainData/img/image_758.h5,/Users/anykong/AAL_SD/data/Landslide4Sense/TrainData/mask/image_758.h5
image_2657,/Users/anykong/AAL_SD/data/Landslide4Sense/TrainData/img/image_2657.h5,/Users/anykong/AAL_SD/data/Landslide4Sense/TrainData/mask/image_2657.h5
image_737,/Users/anykong/AAL_SD/data/Landslide4Sense/TrainData/img/image_737.h5,/Users/anykong/AAL_SD/data/Landslide4Sense/TrainData/mask/image_737.h5
image_1597,/Users/anykong/AAL_SD/data/Landslide4Sense/TrainData/img/image_1597.h5,/Users/anykong/AAL_SD/data/Landslide4Sense/TrainData/mask/image_1597.h5
image_539,/Users/anykong/AAL_SD/data/Landslide4Sense/TrainData/img/image_539.h5,/Users/anykong/AAL_SD/data/Landslide4Sense/TrainData/mask/image_539.h5
image_978,/Users/anykong/AAL_SD/data/Landslide4Sense/TrainData/img/image_978.h5,/Users/anykong/AAL_SD/data/Landslide4Sense/TrainData/mask/image_978.h5
image_2399,/Users/anykong/AAL_SD/data/Landslide4Sense/TrainData/img/image_2399.h5,/Users/anykong/AAL_SD/data/Landslide4Sense/TrainData/mask/image_2399.h5
image_895,/Users/anykong/AAL_SD/data/Landslide4Sense/TrainData/img/image_895.h5,/Users/anykong/AAL_SD/data/Landslide4Sense/TrainData/mask/image_895.h5
image_2697,/Users/anykong/AAL_SD/data/Landslide4Sense/TrainData/img/image_2697.h5,/Users/anykong/AAL_SD/data/Landslide4Sense/TrainData/mask/image_2697.h5
image_2949,/Users/anykong/AAL_SD/data/Landslide4Sense/TrainData/img/image_2949.h5,/Users/anykong/AAL_SD/data/Landslide4Sense/TrainData/mask/image_2949.h5
image_1221,/Users/anykong/AAL_SD/data/Landslide4Sense/TrainData/img/image_1221.h5,/Users/anykong/AAL_SD/data/Landslide4Sense/TrainData/mask/image_1221.h5
image_1718,/Users/anykong/AAL_SD/data/Landslide4Sense/TrainData/img/image_1718.h5,/Users/anykong/AAL_SD/data/Landslide4Sense/TrainData/mask/image_1718.h5
image_2807,/Users/anykong/AAL_SD/data/Landslide4Sense/TrainData/img/image_2807.h5,/Users/anykong/AAL_SD/data/Landslide4Sense/TrainData/mask/image_2807.h5
image_3682,/Users/anykong/AAL_SD/data/Landslide4Sense/TrainData/img/image_3682.h5,/Users/anykong/AAL_SD/data/Landslide4Sense/TrainData/mask/image_3682.h5
image_2042,/Users/anykong/AAL_SD/data/Landslide4Sense/TrainData/img/image_2042.h5,/Users/anykong/AAL_SD/data/Landslide4Sense/TrainData/mask/image_2042.h5
image_1079,/Users/anykong/AAL_SD/data/Landslide4Sense/TrainData/img/image_1079.h5,/Users/anykong/AAL_SD/data/Landslide4Sense/TrainData/mask/image_1079.h5
image_2053,/Users/anykong/AAL_SD/data/Landslide4Sense/TrainData/img/image_2053.h5,/Users/anykong/AAL_SD/data/Landslide4Sense/TrainData/mask/image_2053.h5
image_2488,/Users/anykong/AAL_SD/data/Landslide4Sense/TrainData/img/image_2488.h5,/Users/anykong/AAL_SD/data/Landslide4Sense/TrainData/mask/image_2488.h5
image_230,/Users/anykong/AAL_SD/data/Landslide4Sense/TrainData/img/image_230.h5,/Users/anykong/AAL_SD/data/Landslide4Sense/TrainData/mask/image_230.h5
image_3000,/Users/anykong/AAL_SD/data/Landslide4Sense/TrainData/img/image_3000.h5,/Users/anykong/AAL_SD/data/Landslide4Sense/TrainData/mask/image_3000.h5
image_1908,/Users/anykong/AAL_SD/data/Landslide4Sense/TrainData/img/image_1908.h5,/Users/anykong/AAL_SD/data/Landslide4Sense/TrainData/mask/image_1908.h5
image_2220,/Users/anykong/AAL_SD/data/Landslide4Sense/TrainData/img/image_2220.h5,/Users/anykong/AAL_SD/data/Landslide4Sense/TrainData/mask/image_2220.h5
image_1708,/Users/anykong/AAL_SD/data/Landslide4Sense/TrainData/img/image_1708.h5,/Users/anykong/AAL_SD/data/Landslide4Sense/TrainData/mask/image_1708.h5
image_457,/Users/anykong/AAL_SD/data/Landslide4Sense/TrainData/img/image_457.h5,/Users/anykong/AAL_SD/data/Landslide4Sense/TrainData/mask/image_457.h5
image_1893,/Users/anykong/AAL_SD/data/Landslide4Sense/TrainData/img/image_1893.h5,/Users/anykong/AAL_SD/data/Landslide4Sense/TrainData/mask/image_1893.h5
image_2122,/Users/anykong/AAL_SD/data/Landslide4Sense/TrainData/img/image_2122.h5,/Users/anykong/AAL_SD/data/Landslide4Sense/TrainData/mask/image_2122.h5
image_48,/Users/anykong/AAL_SD/data/Landslide4Sense/TrainData/img/image_48.h5,/Users/anykong/AAL_SD/data/Landslide4Sense/TrainData/mask/image_48.h5
image_1105,/Users/anykong/AAL_SD/data/Landslide4Sense/TrainData/img/image_1105.h5,/Users/anykong/AAL_SD/data/Landslide4Sense/TrainData/mask/image_1105.h5
image_919,/Users/anykong/AAL_SD/data/Landslide4Sense/TrainData/img/image_919.h5,/Users/anykong/AAL_SD/data/Landslide4Sense/TrainData/mask/image_919.h5
image_3092,/Users/anykong/AAL_SD/data/Landslide4Sense/TrainData/img/image_3092.h5,/Users/anykong/AAL_SD/data/Landslide4Sense/TrainData/mask/image_3092.h5
image_2382,/Users/anykong/AAL_SD/data/Landslide4Sense/TrainData/img/image_2382.h5,/Users/anykong/AAL_SD/data/Landslide4Sense/TrainData/mask/image_2382.h5
image_2975,/Users/anykong/AAL_SD/data/Landslide4Sense/TrainData/img/image_2975.h5,/Users/anykong/AAL_SD/data/Landslide4Sense/TrainData/mask/image_2975.h5
image_3714,/Users/anykong/AAL_SD/data/Landslide4Sense/TrainData/img/image_3714.h5,/Users/anykong/AAL_SD/data/Landslide4Sense/TrainData/mask/image_3714.h5
image_1149,/Users/anykong/AAL_SD/data/Landslide4Sense/TrainData/img/image_1149.h5,/Users/anykong/AAL_SD/data/Landslide4Sense/TrainData/mask/image_1149.h5
image_3798,/Users/anykong/AAL_SD/data/Landslide4Sense/TrainData/img/image_3798.h5,/Users/anykong/AAL_SD/data/Landslide4Sense/TrainData/mask/image_3798.h5
image_248,/Users/anykong/AAL_SD/data/Landslide4Sense/TrainData/img/image_248.h5,/Users/anykong/AAL_SD/data/Landslide4Sense/TrainData/mask/image_248.h5
image_1275,/Users/anykong/AAL_SD/data/Landslide4Sense/TrainData/img/image_1275.h5,/Users/anykong/AAL_SD/data/Landslide4Sense/TrainData/mask/image_1275.h5
image_217,/Users/anykong/AAL_SD/data/Landslide4Sense/TrainData/img/image_217.h5,/Users/anykong/AAL_SD/data/Landslide4Sense/TrainData/mask/image_217.h5
image_3654,/Users/anykong/AAL_SD/data/Landslide4Sense/TrainData/img/image_3654.h5,/Users/anykong/AAL_SD/data/Landslide4Sense/TrainData/mask/image_3654.h5
image_2174,/Users/anykong/AAL_SD/data/Landslide4Sense/TrainData/img/image_2174.h5,/Users/anykong/AAL_SD/data/Landslide4Sense/TrainData/mask/image_2174.h5
image_3391,/Users/anykong/AAL_SD/data/Landslide4Sense/TrainData/img/image_3391.h5,/Users/anykong/AAL_SD/data/Landslide4Sense/TrainData/mask/image_3391.h5
image_782,/Users/anykong/AAL_SD/data/Landslide4Sense/TrainData/img/image_782.h5,/Users/anykong/AAL_SD/data/Landslide4Sense/TrainData/mask/image_782.h5
image_3741,/Users/anykong/AAL_SD/data/Landslide4Sense/TrainData/img/image_3741.h5,/Users/anykong/AAL_SD/data/Landslide4Sense/TrainData/mask/image_3741.h5
image_1639,/Users/anykong/AAL_SD/data/Landslide4Sense/TrainData/img/image_1639.h5,/Users/anykong/AAL_SD/data/Landslide4Sense/TrainData/mask/image_1639.h5
image_2695,/Users/anykong/AAL_SD/data/Landslide4Sense/TrainData/img/image_2695.h5,/Users/anykong/AAL_SD/data/Landslide4Sense/TrainData/mask/image_2695.h5
image_1248,/Users/anykong/AAL_SD/data/Landslide4Sense/TrainData/img/image_1248.h5,/Users/anykong/AAL_SD/data/Landslide4Sense/TrainData/mask/image_1248.h5
image_2451,/Users/anykong/AAL_SD/data/Landslide4Sense/TrainData/img/image_2451.h5,/Users/anykong/AAL_SD/data/Landslide4Sense/TrainData/mask/image_2451.h5
image_2243,/Users/anykong/AAL_SD/data/Landslide4Sense/TrainData/img/image_2243.h5,/Users/anykong/AAL_SD/data/Landslide4Sense/TrainData/mask/image_2243.h5
image_497,/Users/anykong/AAL_SD/data/Landslide4Sense/TrainData/img/image_497.h5,/Users/anykong/AAL_SD/data/Landslide4Sense/TrainData/mask/image_497.h5
image_480,/Users/anykong/AAL_SD/data/Landslide4Sense/TrainData/img/image_480.h5,/Users/anykong/AAL_SD/data/Landslide4Sense/TrainData/mask/image_480.h5
image_406,/Users/anykong/AAL_SD/data/Landslide4Sense/TrainData/img/image_406.h5,/Users/anykong/AAL_SD/data/Landslide4Sense/TrainData/mask/image_406.h5
image_981,/Users/anykong/AAL_SD/data/Landslide4Sense/TrainData/img/image_981.h5,/Users/anykong/AAL_SD/data/Landslide4Sense/TrainData/mask/image_981.h5
image_3587,/Users/anykong/AAL_SD/data/Landslide4Sense/TrainData/img/image_3587.h5,/Users/anykong/AAL_SD/data/Landslide4Sense/TrainData/mask/image_3587.h5
image_1091,/Users/anykong/AAL_SD/data/Landslide4Sense/TrainData/img/image_1091.h5,/Users/anykong/AAL_SD/data/Landslide4Sense/TrainData/mask/image_1091.h5
image_2978,/Users/anykong/AAL_SD/data/Landslide4Sense/TrainData/img/image_2978.h5,/Users/anykong/AAL_SD/data/Landslide4Sense/TrainData/mask/image_2978.h5
image_1107,/Users/anykong/AAL_SD/data/Landslide4Sense/TrainData/img/image_1107.h5,/Users/anykong/AAL_SD/data/Landslide4Sense/TrainData/mask/image_1107.h5
image_2745,/Users/anykong/AAL_SD/data/Landslide4Sense/TrainData/img/image_2745.h5,/Users/anykong/AAL_SD/data/Landslide4Sense/TrainData/mask/image_2745.h5
image_3521,/Users/anykong/AAL_SD/data/Landslide4Sense/TrainData/img/image_3521.h5,/Users/anykong/AAL_SD/data/Landslide4Sense/TrainData/mask/image_3521.h5
image_1680,/Users/anykong/AAL_SD/data/Landslide4Sense/TrainData/img/image_1680.h5,/Users/anykong/AAL_SD/data/Landslide4Sense/TrainData/mask/image_1680.h5
image_768,/Users/anykong/AAL_SD/data/Landslide4Sense/TrainData/img/image_768.h5,/Users/anykong/AAL_SD/data/Landslide4Sense/TrainData/mask/image_768.h5
image_2774,/Users/anykong/AAL_SD/data/Landslide4Sense/TrainData/img/image_2774.h5,/Users/anykong/AAL_SD/data/Landslide4Sense/TrainData/mask/image_2774.h5
image_3594,/Users/anykong/AAL_SD/data/Landslide4Sense/TrainData/img/image_3594.h5,/Users/anykong/AAL_SD/data/Landslide4Sense/TrainData/mask/image_3594.h5
image_1556,/Users/anykong/AAL_SD/data/Landslide4Sense/TrainData/img/image_1556.h5,/Users/anykong/AAL_SD/data/Landslide4Sense/TrainData/mask/image_1556.h5
image_1058,/Users/anykong/AAL_SD/data/Landslide4Sense/TrainData/img/image_1058.h5,/Users/anykong/AAL_SD/data/Landslide4Sense/TrainData/mask/image_1058.h5
image_2733,/Users/anykong/AAL_SD/data/Landslide4Sense/TrainData/img/image_2733.h5,/Users/anykong/AAL_SD/data/Landslide4Sense/TrainData/mask/image_2733.h5
image_3035,/Users/anykong/AAL_SD/data/Landslide4Sense/TrainData/img/image_3035.h5,/Users/anykong/AAL_SD/data/Landslide4Sense/TrainData/mask/image_3035.h5
image_3708,/Users/anykong/AAL_SD/data/Landslide4Sense/TrainData/img/image_3708.h5,/Users/anykong/AAL_SD/data/Landslide4Sense/TrainData/mask/image_3708.h5
image_663,/Users/anykong/AAL_SD/data/Landslide4Sense/TrainData/img/image_663.h5,/Users/anykong/AAL_SD/data/Landslide4Sense/TrainData/mask/image_663.h5
image_1794,/Users/anykong/AAL_SD/data/Landslide4Sense/TrainData/img/image_1794.h5,/Users/anykong/AAL_SD/data/Landslide4Sense/TrainData/mask/image_1794.h5
image_3655,/Users/anykong/AAL_SD/data/Landslide4Sense/TrainData/img/image_3655.h5,/Users/anykong/AAL_SD/data/Landslide4Sense/TrainData/mask/image_3655.h5
image_937,/Users/anykong/AAL_SD/data/Landslide4Sense/TrainData/img/image_937.h5,/Users/anykong/AAL_SD/data/Landslide4Sense/TrainData/mask/image_937.h5
image_484,/Users/anykong/AAL_SD/data/Landslide4Sense/TrainData/img/image_484.h5,/Users/anykong/AAL_SD/data/Landslide4Sense/TrainData/mask/image_484.h5
image_158,/Users/anykong/AAL_SD/data/Landslide4Sense/TrainData/img/image_158.h5,/Users/anykong/AAL_SD/data/Landslide4Sense/TrainData/mask/image_158.h5
image_2426,/Users/anykong/AAL_SD/data/Landslide4Sense/TrainData/img/image_2426.h5,/Users/anykong/AAL_SD/data/Landslide4Sense/TrainData/mask/image_2426.h5
image_1342,/Users/anykong/AAL_SD/data/Landslide4Sense/TrainData/img/image_1342.h5,/Users/anykong/AAL_SD/data/Landslide4Sense/TrainData/mask/image_1342.h5
image_476,/Users/anykong/AAL_SD/data/Landslide4Sense/TrainData/img/image_476.h5,/Users/anykong/AAL_SD/data/Landslide4Sense/TrainData/mask/image_476.h5
image_3707,/Users/anykong/AAL_SD/data/Landslide4Sense/TrainData/img/image_3707.h5,/Users/anykong/AAL_SD/data/Landslide4Sense/TrainData/mask/image_3707.h5
image_748,/Users/anykong/AAL_SD/data/Landslide4Sense/TrainData/img/image_748.h5,/Users/anykong/AAL_SD/data/Landslide4Sense/TrainData/mask/image_748.h5
image_1381,/Users/anykong/AAL_SD/data/Landslide4Sense/TrainData/img/image_1381.h5,/Users/anykong/AAL_SD/data/Landslide4Sense/TrainData/mask/image_1381.h5
image_855,/Users/anykong/AAL_SD/data/Landslide4Sense/TrainData/img/image_855.h5,/Users/anykong/AAL_SD/data/Landslide4Sense/TrainData/mask/image_855.h5
image_1316,/Users/anykong/AAL_SD/data/Landslide4Sense/TrainData/img/image_1316.h5,/Users/anykong/AAL_SD/data/Landslide4Sense/TrainData/mask/image_1316.h5
image_2047,/Users/anykong/AAL_SD/data/Landslide4Sense/TrainData/img/image_2047.h5,/Users/anykong/AAL_SD/data/Landslide4Sense/TrainData/mask/image_2047.h5
image_2366,/Users/anykong/AAL_SD/data/Landslide4Sense/TrainData/img/image_2366.h5,/Users/anykong/AAL_SD/data/Landslide4Sense/TrainData/mask/image_2366.h5
image_136,/Users/anykong/AAL_SD/data/Landslide4Sense/TrainData/img/image_136.h5,/Users/anykong/AAL_SD/data/Landslide4Sense/TrainData/mask/image_136.h5
image_9,/Users/anykong/AAL_SD/data/Landslide4Sense/TrainData/img/image_9.h5,/Users/anykong/AAL_SD/data/Landslide4Sense/TrainData/mask/image_9.h5
image_1339,/Users/anykong/AAL_SD/data/Landslide4Sense/TrainData/img/image_1339.h5,/Users/anykong/AAL_SD/data/Landslide4Sense/TrainData/mask/image_1339.h5
image_1586,/Users/anykong/AAL_SD/data/Landslide4Sense/TrainData/img/image_1586.h5,/Users/anykong/AAL_SD/data/Landslide4Sense/TrainData/mask/image_1586.h5
image_2916,/Users/anykong/AAL_SD/data/Landslide4Sense/TrainData/img/image_2916.h5,/Users/anykong/AAL_SD/data/Landslide4Sense/TrainData/mask/image_2916.h5
image_2093,/Users/anykong/AAL_SD/data/Landslide4Sense/TrainData/img/image_2093.h5,/Users/anykong/AAL_SD/data/Landslide4Sense/TrainData/mask/image_2093.h5
image_1230,/Users/anykong/AAL_SD/data/Landslide4Sense/TrainData/img/image_1230.h5,/Users/anykong/AAL_SD/data/Landslide4Sense/TrainData/mask/image_1230.h5
image_3776,/Users/anykong/AAL_SD/data/Landslide4Sense/TrainData/img/image_3776.h5,/Users/anykong/AAL_SD/data/Landslide4Sense/TrainData/mask/image_3776.h5
image_744,/Users/anykong/AAL_SD/data/Landslide4Sense/TrainData/img/image_744.h5,/Users/anykong/AAL_SD/data/Landslide4Sense/TrainData/mask/image_744.h5
image_3286,/Users/anykong/AAL_SD/data/Landslide4Sense/TrainData/img/image_3286.h5,/Users/anykong/AAL_SD/data/Landslide4Sense/TrainData/mask/image_3286.h5
image_3716,/Users/anykong/AAL_SD/data/Landslide4Sense/TrainData/img/image_3716.h5,/Users/anykong/AAL_SD/data/Landslide4Sense/TrainData/mask/image_3716.h5
image_3087,/Users/anykong/AAL_SD/data/Landslide4Sense/TrainData/img/image_3087.h5,/Users/anykong/AAL_SD/data/Landslide4Sense/TrainData/mask/image_3087.h5
image_1836,/Users/anykong/AAL_SD/data/Landslide4Sense/TrainData/img/image_1836.h5,/Users/anykong/AAL_SD/data/Landslide4Sense/TrainData/mask/image_1836.h5
image_294,/Users/anykong/AAL_SD/data/Landslide4Sense/TrainData/img/image_294.h5,/Users/anykong/AAL_SD/data/Landslide4Sense/TrainData/mask/image_294.h5
image_2526,/Users/anykong/AAL_SD/data/Landslide4Sense/TrainData/img/image_2526.h5,/Users/anykong/AAL_SD/data/Landslide4Sense/TrainData/mask/image_2526.h5
image_1465,/Users/anykong/AAL_SD/data/Landslide4Sense/TrainData/img/image_1465.h5,/Users/anykong/AAL_SD/data/Landslide4Sense/TrainData/mask/image_1465.h5
image_3678,/Users/anykong/AAL_SD/data/Landslide4Sense/TrainData/img/image_3678.h5,/Users/anykong/AAL_SD/data/Landslide4Sense/TrainData/mask/image_3678.h5
image_1437,/Users/anykong/AAL_SD/data/Landslide4Sense/TrainData/img/image_1437.h5,/Users/anykong/AAL_SD/data/Landslide4Sense/TrainData/mask/image_1437.h5
image_661,/Users/anykong/AAL_SD/data/Landslide4Sense/TrainData/img/image_661.h5,/Users/anykong/AAL_SD/data/Landslide4Sense/TrainData/mask/image_661.h5
image_2581,/Users/anykong/AAL_SD/data/Landslide4Sense/TrainData/img/image_2581.h5,/Users/anykong/AAL_SD/data/Landslide4Sense/TrainData/mask/image_2581.h5
image_2314,/Users/anykong/AAL_SD/data/Landslide4Sense/TrainData/img/image_2314.h5,/Users/anykong/AAL_SD/data/Landslide4Sense/TrainData/mask/image_2314.h5
image_870,/Users/anykong/AAL_SD/data/Landslide4Sense/TrainData/img/image_870.h5,/Users/anykong/AAL_SD/data/Landslide4Sense/TrainData/mask/image_870.h5
image_2210,/Users/anykong/AAL_SD/data/Landslide4Sense/TrainData/img/image_2210.h5,/Users/anykong/AAL_SD/data/Landslide4Sense/TrainData/mask/image_2210.h5
image_2540,/Users/anykong/AAL_SD/data/Landslide4Sense/TrainData/img/image_2540.h5,/Users/anykong/AAL_SD/data/Landslide4Sense/TrainData/mask/image_2540.h5
image_1142,/Users/anykong/AAL_SD/data/Landslide4Sense/TrainData/img/image_1142.h5,/Users/anykong/AAL_SD/data/Landslide4Sense/TrainData/mask/image_1142.h5
image_2367,/Users/anykong/AAL_SD/data/Landslide4Sense/TrainData/img/image_2367.h5,/Users/anykong/AAL_SD/data/Landslide4Sense/TrainData/mask/image_2367.h5
image_2574,/Users/anykong/AAL_SD/data/Landslide4Sense/TrainData/img/image_2574.h5,/Users/anykong/AAL_SD/data/Landslide4Sense/TrainData/mask/image_2574.h5
image_797,/Users/anykong/AAL_SD/data/Landslide4Sense/TrainData/img/image_797.h5,/Users/anykong/AAL_SD/data/Landslide4Sense/TrainData/mask/image_797.h5
image_936,/Users/anykong/AAL_SD/data/Landslide4Sense/TrainData/img/image_936.h5,/Users/anykong/AAL_SD/data/Landslide4Sense/TrainData/mask/image_936.h5
image_3535,/Users/anykong/AAL_SD/data/Landslide4Sense/TrainData/img/image_3535.h5,/Users/anykong/AAL_SD/data/Landslide4Sense/TrainData/mask/image_3535.h5
image_428,/Users/anykong/AAL_SD/data/Landslide4Sense/TrainData/img/image_428.h5,/Users/anykong/AAL_SD/data/Landslide4Sense/TrainData/mask/image_428.h5
image_2710,/Users/anykong/AAL_SD/data/Landslide4Sense/TrainData/img/image_2710.h5,/Users/anykong/AAL_SD/data/Landslide4Sense/TrainData/mask/image_2710.h5
image_858,/Users/anykong/AAL_SD/data/Landslide4Sense/TrainData/img/image_858.h5,/Users/anykong/AAL_SD/data/Landslide4Sense/TrainData/mask/image_858.h5
image_419,/Users/anykong/AAL_SD/data/Landslide4Sense/TrainData/img/image_419.h5,/Users/anykong/AAL_SD/data/Landslide4Sense/TrainData/mask/image_419.h5
image_1401,/Users/anykong/AAL_SD/data/Landslide4Sense/TrainData/img/image_1401.h5,/Users/anykong/AAL_SD/data/Landslide4Sense/TrainData/mask/image_1401.h5
image_894,/Users/anykong/AAL_SD/data/Landslide4Sense/TrainData/img/image_894.h5,/Users/anykong/AAL_SD/data/Landslide4Sense/TrainData/mask/image_894.h5
image_1423,/Users/anykong/AAL_SD/data/Landslide4Sense/TrainData/img/image_1423.h5,/Users/anykong/AAL_SD/data/Landslide4Sense/TrainData/mask/image_1423.h5
image_1873,/Users/anykong/AAL_SD/data/Landslide4Sense/TrainData/img/image_1873.h5,/Users/anykong/AAL_SD/data/Landslide4Sense/TrainData/mask/image_1873.h5
image_361,/Users/anykong/AAL_SD/data/Landslide4Sense/TrainData/img/image_361.h5,/Users/anykong/AAL_SD/data/Landslide4Sense/TrainData/mask/image_361.h5
image_2152,/Users/anykong/AAL_SD/data/Landslide4Sense/TrainData/img/image_2152.h5,/Users/anykong/AAL_SD/data/Landslide4Sense/TrainData/mask/image_2152.h5
image_1808,/Users/anykong/AAL_SD/data/Landslide4Sense/TrainData/img/image_1808.h5,/Users/anykong/AAL_SD/data/Landslide4Sense/TrainData/mask/image_1808.h5
image_1716,/Users/anykong/AAL_SD/data/Landslide4Sense/TrainData/img/image_1716.h5,/Users/anykong/AAL_SD/data/Landslide4Sense/TrainData/mask/image_1716.h5
image_1177,/Users/anykong/AAL_SD/data/Landslide4Sense/TrainData/img/image_1177.h5,/Users/anykong/AAL_SD/data/Landslide4Sense/TrainData/mask/image_1177.h5
image_795,/Users/anykong/AAL_SD/data/Landslide4Sense/TrainData/img/image_795.h5,/Users/anykong/AAL_SD/data/Landslide4Sense/TrainData/mask/image_795.h5
image_3656,/Users/anykong/AAL_SD/data/Landslide4Sense/TrainData/img/image_3656.h5,/Users/anykong/AAL_SD/data/Landslide4Sense/TrainData/mask/image_3656.h5
image_1192,/Users/anykong/AAL_SD/data/Landslide4Sense/TrainData/img/image_1192.h5,/Users/anykong/AAL_SD/data/Landslide4Sense/TrainData/mask/image_1192.h5
image_152,/Users/anykong/AAL_SD/data/Landslide4Sense/TrainData/img/image_152.h5,/Users/anykong/AAL_SD/data/Landslide4Sense/TrainData/mask/image_152.h5
image_2894,/Users/anykong/AAL_SD/data/Landslide4Sense/TrainData/img/image_2894.h5,/Users/anykong/AAL_SD/data/Landslide4Sense/TrainData/mask/image_2894.h5
image_3208,/Users/anykong/AAL_SD/data/Landslide4Sense/TrainData/img/image_3208.h5,/Users/anykong/AAL_SD/data/Landslide4Sense/TrainData/mask/image_3208.h5
image_544,/Users/anykong/AAL_SD/data/Landslide4Sense/TrainData/img/image_544.h5,/Users/anykong/AAL_SD/data/Landslide4Sense/TrainData/mask/image_544.h5
image_1642,/Users/anykong/AAL_SD/data/Landslide4Sense/TrainData/img/image_1642.h5,/Users/anykong/AAL_SD/data/Landslide4Sense/TrainData/mask/image_1642.h5
image_2813,/Users/anykong/AAL_SD/data/Landslide4Sense/TrainData/img/image_2813.h5,/Users/anykong/AAL_SD/data/Landslide4Sense/TrainData/mask/image_2813.h5
image_2118,/Users/anykong/AAL_SD/data/Landslide4Sense/TrainData/img/image_2118.h5,/Users/anykong/AAL_SD/data/Landslide4Sense/TrainData/mask/image_2118.h5
image_3057,/Users/anykong/AAL_SD/data/Landslide4Sense/TrainData/img/image_3057.h5,/Users/anykong/AAL_SD/data/Landslide4Sense/TrainData/mask/image_3057.h5
image_2041,/Users/anykong/AAL_SD/data/Landslide4Sense/TrainData/img/image_2041.h5,/Users/anykong/AAL_SD/data/Landslide4Sense/TrainData/mask/image_2041.h5
image_2700,/Users/anykong/AAL_SD/data/Landslide4Sense/TrainData/img/image_2700.h5,/Users/anykong/AAL_SD/data/Landslide4Sense/TrainData/mask/image_2700.h5
image_1545,/Users/anykong/AAL_SD/data/Landslide4Sense/TrainData/img/image_1545.h5,/Users/anykong/AAL_SD/data/Landslide4Sense/TrainData/mask/image_1545.h5
image_1377,/Users/anykong/AAL_SD/data/Landslide4Sense/TrainData/img/image_1377.h5,/Users/anykong/AAL_SD/data/Landslide4Sense/TrainData/mask/image_1377.h5
image_2117,/Users/anykong/AAL_SD/data/Landslide4Sense/TrainData/img/image_2117.h5,/Users/anykong/AAL_SD/data/Landslide4Sense/TrainData/mask/image_2117.h5
image_1098,/Users/anykong/AAL_SD/data/Landslide4Sense/TrainData/img/image_1098.h5,/Users/anykong/AAL_SD/data/Landslide4Sense/TrainData/mask/image_1098.h5
image_2580,/Users/anykong/AAL_SD/data/Landslide4Sense/TrainData/img/image_2580.h5,/Users/anykong/AAL_SD/data/Landslide4Sense/TrainData/mask/image_2580.h5
image_2286,/Users/anykong/AAL_SD/data/Landslide4Sense/TrainData/img/image_2286.h5,/Users/anykong/AAL_SD/data/Landslide4Sense/TrainData/mask/image_2286.h5
image_1243,/Users/anykong/AAL_SD/data/Landslide4Sense/TrainData/img/image_1243.h5,/Users/anykong/AAL_SD/data/Landslide4Sense/TrainData/mask/image_1243.h5
image_1104,/Users/anykong/AAL_SD/data/Landslide4Sense/TrainData/img/image_1104.h5,/Users/anykong/AAL_SD/data/Landslide4Sense/TrainData/mask/image_1104.h5
image_2985,/Users/anykong/AAL_SD/data/Landslide4Sense/TrainData/img/image_2985.h5,/Users/anykong/AAL_SD/data/Landslide4Sense/TrainData/mask/image_2985.h5
image_410,/Users/anykong/AAL_SD/data/Landslide4Sense/TrainData/img/image_410.h5,/Users/anykong/AAL_SD/data/Landslide4Sense/TrainData/mask/image_410.h5
image_1462,/Users/anykong/AAL_SD/data/Landslide4Sense/TrainData/img/image_1462.h5,/Users/anykong/AAL_SD/data/Landslide4Sense/TrainData/mask/image_1462.h5
image_1357,/Users/anykong/AAL_SD/data/Landslide4Sense/TrainData/img/image_1357.h5,/Users/anykong/AAL_SD/data/Landslide4Sense/TrainData/mask/image_1357.h5
image_860,/Users/anykong/AAL_SD/data/Landslide4Sense/TrainData/img/image_860.h5,/Users/anykong/AAL_SD/data/Landslide4Sense/TrainData/mask/image_860.h5
image_71,/Users/anykong/AAL_SD/data/Landslide4Sense/TrainData/img/image_71.h5,/Users/anykong/AAL_SD/data/Landslide4Sense/TrainData/mask/image_71.h5
image_1147,/Users/anykong/AAL_SD/data/Landslide4Sense/TrainData/img/image_1147.h5,/Users/anykong/AAL_SD/data/Landslide4Sense/TrainData/mask/image_1147.h5
image_3659,/Users/anykong/AAL_SD/data/Landslide4Sense/TrainData/img/image_3659.h5,/Users/anykong/AAL_SD/data/Landslide4Sense/TrainData/mask/image_3659.h5
image_3541,/Users/anykong/AAL_SD/data/Landslide4Sense/TrainData/img/image_3541.h5,/Users/anykong/AAL_SD/data/Landslide4Sense/TrainData/mask/image_3541.h5
image_717,/Users/anykong/AAL_SD/data/Landslide4Sense/TrainData/img/image_717.h5,/Users/anykong/AAL_SD/data/Landslide4Sense/TrainData/mask/image_717.h5
image_2729,/Users/anykong/AAL_SD/data/Landslide4Sense/TrainData/img/image_2729.h5,/Users/anykong/AAL_SD/data/Landslide4Sense/TrainData/mask/image_2729.h5
image_2177,/Users/anykong/AAL_SD/data/Landslide4Sense/TrainData/img/image_2177.h5,/Users/anykong/AAL_SD/data/Landslide4Sense/TrainData/mask/image_2177.h5
image_3640,/Users/anykong/AAL_SD/data/Landslide4Sense/TrainData/img/image_3640.h5,/Users/anykong/AAL_SD/data/Landslide4Sense/TrainData/mask/image_3640.h5
image_710,/Users/anykong/AAL_SD/data/Landslide4Sense/TrainData/img/image_710.h5,/Users/anykong/AAL_SD/data/Landslide4Sense/TrainData/mask/image_710.h5
image_1505,/Users/anykong/AAL_SD/data/Landslide4Sense/TrainData/img/image_1505.h5,/Users/anykong/AAL_SD/data/Landslide4Sense/TrainData/mask/image_1505.h5
image_15,/Users/anykong/AAL_SD/data/Landslide4Sense/TrainData/img/image_15.h5,/Users/anykong/AAL_SD/data/Landslide4Sense/TrainData/mask/image_15.h5
image_689,/Users/anykong/AAL_SD/data/Landslide4Sense/TrainData/img/image_689.h5,/Users/anykong/AAL_SD/data/Landslide4Sense/TrainData/mask/image_689.h5
image_1884,/Users/anykong/AAL_SD/data/Landslide4Sense/TrainData/img/image_1884.h5,/Users/anykong/AAL_SD/data/Landslide4Sense/TrainData/mask/image_1884.h5
image_3721,/Users/anykong/AAL_SD/data/Landslide4Sense/TrainData/img/image_3721.h5,/Users/anykong/AAL_SD/data/Landslide4Sense/TrainData/mask/image_3721.h5
image_2826,/Users/anykong/AAL_SD/data/Landslide4Sense/TrainData/img/image_2826.h5,/Users/anykong/AAL_SD/data/Landslide4Sense/TrainData/mask/image_2826.h5
image_976,/Users/anykong/AAL_SD/data/Landslide4Sense/TrainData/img/image_976.h5,/Users/anykong/AAL_SD/data/Landslide4Sense/TrainData/mask/image_976.h5
image_2666,/Users/anykong/AAL_SD/data/Landslide4Sense/TrainData/img/image_2666.h5,/Users/anykong/AAL_SD/data/Landslide4Sense/TrainData/mask/image_2666.h5
image_2387,/Users/anykong/AAL_SD/data/Landslide4Sense/TrainData/img/image_2387.h5,/Users/anykong/AAL_SD/data/Landslide4Sense/TrainData/mask/image_2387.h5
image_2757,/Users/anykong/AAL_SD/data/Landslide4Sense/TrainData/img/image_2757.h5,/Users/anykong/AAL_SD/data/Landslide4Sense/TrainData/mask/image_2757.h5
image_3732,/Users/anykong/AAL_SD/data/Landslide4Sense/TrainData/img/image_3732.h5,/Users/anykong/AAL_SD/data/Landslide4Sense/TrainData/mask/image_3732.h5
image_3649,/Users/anykong/AAL_SD/data/Landslide4Sense/TrainData/img/image_3649.h5,/Users/anykong/AAL_SD/data/Landslide4Sense/TrainData/mask/image_3649.h5
image_777,/Users/anykong/AAL_SD/data/Landslide4Sense/TrainData/img/image_777.h5,/Users/anykong/AAL_SD/data/Landslide4Sense/TrainData/mask/image_777.h5
image_2944,/Users/anykong/AAL_SD/data/Landslide4Sense/TrainData/img/image_2944.h5,/Users/anykong/AAL_SD/data/Landslide4Sense/TrainData/mask/image_2944.h5
image_3617,/Users/anykong/AAL_SD/data/Landslide4Sense/TrainData/img/image_3617.h5,/Users/anykong/AAL_SD/data/Landslide4Sense/TrainData/mask/image_3617.h5
image_2076,/Users/anykong/AAL_SD/data/Landslide4Sense/TrainData/img/image_2076.h5,/Users/anykong/AAL_SD/data/Landslide4Sense/TrainData/mask/image_2076.h5
image_1309,/Users/anykong/AAL_SD/data/Landslide4Sense/TrainData/img/image_1309.h5,/Users/anykong/AAL_SD/data/Landslide4Sense/TrainData/mask/image_1309.h5
image_506,/Users/anykong/AAL_SD/data/Landslide4Sense/TrainData/img/image_506.h5,/Users/anykong/AAL_SD/data/Landslide4Sense/TrainData/mask/image_506.h5
image_2620,/Users/anykong/AAL_SD/data/Landslide4Sense/TrainData/img/image_2620.h5,/Users/anykong/AAL_SD/data/Landslide4Sense/TrainData/mask/image_2620.h5
image_1614,/Users/anykong/AAL_SD/data/Landslide4Sense/TrainData/img/image_1614.h5,/Users/anykong/AAL_SD/data/Landslide4Sense/TrainData/mask/image_1614.h5
image_3279,/Users/anykong/AAL_SD/data/Landslide4Sense/TrainData/img/image_3279.h5,/Users/anykong/AAL_SD/data/Landslide4Sense/TrainData/mask/image_3279.h5
image_1887,/Users/anykong/AAL_SD/data/Landslide4Sense/TrainData/img/image_1887.h5,/Users/anykong/AAL_SD/data/Landslide4Sense/TrainData/mask/image_1887.h5
image_2890,/Users/anykong/AAL_SD/data/Landslide4Sense/TrainData/img/image_2890.h5,/Users/anykong/AAL_SD/data/Landslide4Sense/TrainData/mask/image_2890.h5
image_444,/Users/anykong/AAL_SD/data/Landslide4Sense/TrainData/img/image_444.h5,/Users/anykong/AAL_SD/data/Landslide4Sense/TrainData/mask/image_444.h5
image_1111,/Users/anykong/AAL_SD/data/Landslide4Sense/TrainData/img/image_1111.h5,/Users/anykong/AAL_SD/data/Landslide4Sense/TrainData/mask/image_1111.h5
image_1570,/Users/anykong/AAL_SD/data/Landslide4Sense/TrainData/img/image_1570.h5,/Users/anykong/AAL_SD/data/Landslide4Sense/TrainData/mask/image_1570.h5
image_3693,/Users/anykong/AAL_SD/data/Landslide4Sense/TrainData/img/image_3693.h5,/Users/anykong/AAL_SD/data/Landslide4Sense/TrainData/mask/image_3693.h5
image_1304,/Users/anykong/AAL_SD/data/Landslide4Sense/TrainData/img/image_1304.h5,/Users/anykong/AAL_SD/data/Landslide4Sense/TrainData/mask/image_1304.h5
image_826,/Users/anykong/AAL_SD/data/Landslide4Sense/TrainData/img/image_826.h5,/Users/anykong/AAL_SD/data/Landslide4Sense/TrainData/mask/image_826.h5
image_2334,/Users/anykong/AAL_SD/data/Landslide4Sense/TrainData/img/image_2334.h5,/Users/anykong/AAL_SD/data/Landslide4Sense/TrainData/mask/image_2334.h5
image_887,/Users/anykong/AAL_SD/data/Landslide4Sense/TrainData/img/image_887.h5,/Users/anykong/AAL_SD/data/Landslide4Sense/TrainData/mask/image_887.h5
image_1933,/Users/anykong/AAL_SD/data/Landslide4Sense/TrainData/img/image_1933.h5,/Users/anykong/AAL_SD/data/Landslide4Sense/TrainData/mask/image_1933.h5
image_674,/Users/anykong/AAL_SD/data/Landslide4Sense/TrainData/img/image_674.h5,/Users/anykong/AAL_SD/data/Landslide4Sense/TrainData/mask/image_674.h5
image_1750,/Users/anykong/AAL_SD/data/Landslide4Sense/TrainData/img/image_1750.h5,/Users/anykong/AAL_SD/data/Landslide4Sense/TrainData/mask/image_1750.h5
image_619,/Users/anykong/AAL_SD/data/Landslide4Sense/TrainData/img/image_619.h5,/Users/anykong/AAL_SD/data/Landslide4Sense/TrainData/mask/image_619.h5
image_2127,/Users/anykong/AAL_SD/data/Landslide4Sense/TrainData/img/image_2127.h5,/Users/anykong/AAL_SD/data/Landslide4Sense/TrainData/mask/image_2127.h5
image_780,/Users/anykong/AAL_SD/data/Landslide4Sense/TrainData/img/image_780.h5,/Users/anykong/AAL_SD/data/Landslide4Sense/TrainData/mask/image_780.h5
image_3155,/Users/anykong/AAL_SD/data/Landslide4Sense/TrainData/img/image_3155.h5,/Users/anykong/AAL_SD/data/Landslide4Sense/TrainData/mask/image_3155.h5
image_3350,/Users/anykong/AAL_SD/data/Landslide4Sense/TrainData/img/image_3350.h5,/Users/anykong/AAL_SD/data/Landslide4Sense/TrainData/mask/image_3350.h5
image_2766,/Users/anykong/AAL_SD/data/Landslide4Sense/TrainData/img/image_2766.h5,/Users/anykong/AAL_SD/data/Landslide4Sense/TrainData/mask/image_2766.h5
image_47,/Users/anykong/AAL_SD/data/Landslide4Sense/TrainData/img/image_47.h5,/Users/anykong/AAL_SD/data/Landslide4Sense/TrainData/mask/image_47.h5
image_1915,/Users/anykong/AAL_SD/data/Landslide4Sense/TrainData/img/image_1915.h5,/Users/anykong/AAL_SD/data/Landslide4Sense/TrainData/mask/image_1915.h5
image_1637,/Users/anykong/AAL_SD/data/Landslide4Sense/TrainData/img/image_1637.h5,/Users/anykong/AAL_SD/data/Landslide4Sense/TrainData/mask/image_1637.h5
image_2459,/Users/anykong/AAL_SD/data/Landslide4Sense/TrainData/img/image_2459.h5,/Users/anykong/AAL_SD/data/Landslide4Sense/TrainData/mask/image_2459.h5
image_2596,/Users/anykong/AAL_SD/data/Landslide4Sense/TrainData/img/image_2596.h5,/Users/anykong/AAL_SD/data/Landslide4Sense/TrainData/mask/image_2596.h5
image_2175,/Users/anykong/AAL_SD/data/Landslide4Sense/TrainData/img/image_2175.h5,/Users/anykong/AAL_SD/data/Landslide4Sense/TrainData/mask/image_2175.h5
image_2211,/Users/anykong/AAL_SD/data/Landslide4Sense/TrainData/img/image_2211.h5,/Users/anykong/AAL_SD/data/Landslide4Sense/TrainData/mask/image_2211.h5
image_3637,/Users/anykong/AAL_SD/data/Landslide4Sense/TrainData/img/image_3637.h5,/Users/anykong/AAL_SD/data/Landslide4Sense/TrainData/mask/image_3637.h5
image_1236,/Users/anykong/AAL_SD/data/Landslide4Sense/TrainData/img/image_1236.h5,/Users/anykong/AAL_SD/data/Landslide4Sense/TrainData/mask/image_1236.h5
image_487,/Users/anykong/AAL_SD/data/Landslide4Sense/TrainData/img/image_487.h5,/Users/anykong/AAL_SD/data/Landslide4Sense/TrainData/mask/image_487.h5
image_2576,/Users/anykong/AAL_SD/data/Landslide4Sense/TrainData/img/image_2576.h5,/Users/anykong/AAL_SD/data/Landslide4Sense/TrainData/mask/image_2576.h5
image_2992,/Users/anykong/AAL_SD/data/Landslide4Sense/TrainData/img/image_2992.h5,/Users/anykong/AAL_SD/data/Landslide4Sense/TrainData/mask/image_2992.h5
image_435,/Users/anykong/AAL_SD/data/Landslide4Sense/TrainData/img/image_435.h5,/Users/anykong/AAL_SD/data/Landslide4Sense/TrainData/mask/image_435.h5
image_418,/Users/anykong/AAL_SD/data/Landslide4Sense/TrainData/img/image_418.h5,/Users/anykong/AAL_SD/data/Landslide4Sense/TrainData/mask/image_418.h5
image_2198,/Users/anykong/AAL_SD/data/Landslide4Sense/TrainData/img/image_2198.h5,/Users/anykong/AAL_SD/data/Landslide4Sense/TrainData/mask/image_2198.h5
image_2681,/Users/anykong/AAL_SD/data/Landslide4Sense/TrainData/img/image_2681.h5,/Users/anykong/AAL_SD/data/Landslide4Sense/TrainData/mask/image_2681.h5
image_2119,/Users/anykong/AAL_SD/data/Landslide4Sense/TrainData/img/image_2119.h5,/Users/anykong/AAL_SD/data/Landslide4Sense/TrainData/mask/image_2119.h5
image_1150,/Users/anykong/AAL_SD/data/Landslide4Sense/TrainData/img/image_1150.h5,/Users/anykong/AAL_SD/data/Landslide4Sense/TrainData/mask/image_1150.h5
image_2864,/Users/anykong/AAL_SD/data/Landslide4Sense/TrainData/img/image_2864.h5,/Users/anykong/AAL_SD/data/Landslide4Sense/TrainData/mask/image_2864.h5
image_128,/Users/anykong/AAL_SD/data/Landslide4Sense/TrainData/img/image_128.h5,/Users/anykong/AAL_SD/data/Landslide4Sense/TrainData/mask/image_128.h5
image_2743,/Users/anykong/AAL_SD/data/Landslide4Sense/TrainData/img/image_2743.h5,/Users/anykong/AAL_SD/data/Landslide4Sense/TrainData/mask/image_2743.h5
image_1269,/Users/anykong/AAL_SD/data/Landslide4Sense/TrainData/img/image_1269.h5,/Users/anykong/AAL_SD/data/Landslide4Sense/TrainData/mask/image_1269.h5
image_3701,/Users/anykong/AAL_SD/data/Landslide4Sense/TrainData/img/image_3701.h5,/Users/anykong/AAL_SD/data/Landslide4Sense/TrainData/mask/image_3701.h5
image_2731,/Users/anykong/AAL_SD/data/Landslide4Sense/TrainData/img/image_2731.h5,/Users/anykong/AAL_SD/data/Landslide4Sense/TrainData/mask/image_2731.h5
image_1263,/Users/anykong/AAL_SD/data/Landslide4Sense/TrainData/img/image_1263.h5,/Users/anykong/AAL_SD/data/Landslide4Sense/TrainData/mask/image_1263.h5
image_218,/Users/anykong/AAL_SD/data/Landslide4Sense/TrainData/img/image_218.h5,/Users/anykong/AAL_SD/data/Landslide4Sense/TrainData/mask/image_218.h5
image_72,/Users/anykong/AAL_SD/data/Landslide4Sense/TrainData/img/image_72.h5,/Users/anykong/AAL_SD/data/Landslide4Sense/TrainData/mask/image_72.h5
image_3247,/Users/anykong/AAL_SD/data/Landslide4Sense/TrainData/img/image_3247.h5,/Users/anykong/AAL_SD/data/Landslide4Sense/TrainData/mask/image_3247.h5
image_3791,/Users/anykong/AAL_SD/data/Landslide4Sense/TrainData/img/image_3791.h5,/Users/anykong/AAL_SD/data/Landslide4Sense/TrainData/mask/image_3791.h5
image_3593,/Users/anykong/AAL_SD/data/Landslide4Sense/TrainData/img/image_3593.h5,/Users/anykong/AAL_SD/data/Landslide4Sense/TrainData/mask/image_3593.h5
image_530,/Users/anykong/AAL_SD/data/Landslide4Sense/TrainData/img/image_530.h5,/Users/anykong/AAL_SD/data/Landslide4Sense/TrainData/mask/image_530.h5
image_59,/Users/anykong/AAL_SD/data/Landslide4Sense/TrainData/img/image_59.h5,/Users/anykong/AAL_SD/data/Landslide4Sense/TrainData/mask/image_59.h5
image_2238,/Users/anykong/AAL_SD/data/Landslide4Sense/TrainData/img/image_2238.h5,/Users/anykong/AAL_SD/data/Landslide4Sense/TrainData/mask/image_2238.h5
image_568,/Users/anykong/AAL_SD/data/Landslide4Sense/TrainData/img/image_568.h5,/Users/anykong/AAL_SD/data/Landslide4Sense/TrainData/mask/image_568.h5
image_708,/Users/anykong/AAL_SD/data/Landslide4Sense/TrainData/img/image_708.h5,/Users/anykong/AAL_SD/data/Landslide4Sense/TrainData/mask/image_708.h5
image_1997,/Users/anykong/AAL_SD/data/Landslide4Sense/TrainData/img/image_1997.h5,/Users/anykong/AAL_SD/data/Landslide4Sense/TrainData/mask/image_1997.h5
image_3748,/Users/anykong/AAL_SD/data/Landslide4Sense/TrainData/img/image_3748.h5,/Users/anykong/AAL_SD/data/Landslide4Sense/TrainData/mask/image_3748.h5
image_3606,/Users/anykong/AAL_SD/data/Landslide4Sense/TrainData/img/image_3606.h5,/Users/anykong/AAL_SD/data/Landslide4Sense/TrainData/mask/image_3606.h5
image_1530,/Users/anykong/AAL_SD/data/Landslide4Sense/TrainData/img/image_1530.h5,/Users/anykong/AAL_SD/data/Landslide4Sense/TrainData/mask/image_1530.h5
image_686,/Users/anykong/AAL_SD/data/Landslide4Sense/TrainData/img/image_686.h5,/Users/anykong/AAL_SD/data/Landslide4Sense/TrainData/mask/image_686.h5
image_3703,/Users/anykong/AAL_SD/data/Landslide4Sense/TrainData/img/image_3703.h5,/Users/anykong/AAL_SD/data/Landslide4Sense/TrainData/mask/image_3703.h5
image_2712,/Users/anykong/AAL_SD/data/Landslide4Sense/TrainData/img/image_2712.h5,/Users/anykong/AAL_SD/data/Landslide4Sense/TrainData/mask/image_2712.h5
image_491,/Users/anykong/AAL_SD/data/Landslide4Sense/TrainData/img/image_491.h5,/Users/anykong/AAL_SD/data/Landslide4Sense/TrainData/mask/image_491.h5
image_771,/Users/anykong/AAL_SD/data/Landslide4Sense/TrainData/img/image_771.h5,/Users/anykong/AAL_SD/data/Landslide4Sense/TrainData/mask/image_771.h5
image_3436,/Users/anykong/AAL_SD/data/Landslide4Sense/TrainData/img/image_3436.h5,/Users/anykong/AAL_SD/data/Landslide4Sense/TrainData/mask/image_3436.h5
image_3034,/Users/anykong/AAL_SD/data/Landslide4Sense/TrainData/img/image_3034.h5,/Users/anykong/AAL_SD/data/Landslide4Sense/TrainData/mask/image_3034.h5
image_2169,/Users/anykong/AAL_SD/data/Landslide4Sense/TrainData/img/image_2169.h5,/Users/anykong/AAL_SD/data/Landslide4Sense/TrainData/mask/image_2169.h5
image_1521,/Users/anykong/AAL_SD/data/Landslide4Sense/TrainData/img/image_1521.h5,/Users/anykong/AAL_SD/data/Landslide4Sense/TrainData/mask/image_1521.h5
image_1820,/Users/anykong/AAL_SD/data/Landslide4Sense/TrainData/img/image_1820.h5,/Users/anykong/AAL_SD/data/Landslide4Sense/TrainData/mask/image_1820.h5
image_1048,/Users/anykong/AAL_SD/data/Landslide4Sense/TrainData/img/image_1048.h5,/Users/anykong/AAL_SD/data/Landslide4Sense/TrainData/mask/image_1048.h5
image_1511,/Users/anykong/AAL_SD/data/Landslide4Sense/TrainData/img/image_1511.h5,/Users/anykong/AAL_SD/data/Landslide4Sense/TrainData/mask/image_1511.h5
image_1845,/Users/anykong/AAL_SD/data/Landslide4Sense/TrainData/img/image_1845.h5,/Users/anykong/AAL_SD/data/Landslide4Sense/TrainData/mask/image_1845.h5
image_3377,/Users/anykong/AAL_SD/data/Landslide4Sense/TrainData/img/image_3377.h5,/Users/anykong/AAL_SD/data/Landslide4Sense/TrainData/mask/image_3377.h5
image_2575,/Users/anykong/AAL_SD/data/Landslide4Sense/TrainData/img/image_2575.h5,/Users/anykong/AAL_SD/data/Landslide4Sense/TrainData/mask/image_2575.h5
image_209,/Users/anykong/AAL_SD/data/Landslide4Sense/TrainData/img/image_209.h5,/Users/anykong/AAL_SD/data/Landslide4Sense/TrainData/mask/image_209.h5
image_2976,/Users/anykong/AAL_SD/data/Landslide4Sense/TrainData/img/image_2976.h5,/Users/anykong/AAL_SD/data/Landslide4Sense/TrainData/mask/image_2976.h5
image_2496,/Users/anykong/AAL_SD/data/Landslide4Sense/TrainData/img/image_2496.h5,/Users/anykong/AAL_SD/data/Landslide4Sense/TrainData/mask/image_2496.h5
image_2491,/Users/anykong/AAL_SD/data/Landslide4Sense/TrainData/img/image_2491.h5,/Users/anykong/AAL_SD/data/Landslide4Sense/TrainData/mask/image_2491.h5
image_2820,/Users/anykong/AAL_SD/data/Landslide4Sense/TrainData/img/image_2820.h5,/Users/anykong/AAL_SD/data/Landslide4Sense/TrainData/mask/image_2820.h5
image_2762,/Users/anykong/AAL_SD/data/Landslide4Sense/TrainData/img/image_2762.h5,/Users/anykong/AAL_SD/data/Landslide4Sense/TrainData/mask/image_2762.h5
image_1795,/Users/anykong/AAL_SD/data/Landslide4Sense/TrainData/img/image_1795.h5,/Users/anykong/AAL_SD/data/Landslide4Sense/TrainData/mask/image_1795.h5
image_329,/Users/anykong/AAL_SD/data/Landslide4Sense/TrainData/img/image_329.h5,/Users/anykong/AAL_SD/data/Landslide4Sense/TrainData/mask/image_329.h5
image_2298,/Users/anykong/AAL_SD/data/Landslide4Sense/TrainData/img/image_2298.h5,/Users/anykong/AAL_SD/data/Landslide4Sense/TrainData/mask/image_2298.h5
image_1475,/Users/anykong/AAL_SD/data/Landslide4Sense/TrainData/img/image_1475.h5,/Users/anykong/AAL_SD/data/Landslide4Sense/TrainData/mask/image_1475.h5
image_411,/Users/anykong/AAL_SD/data/Landslide4Sense/TrainData/img/image_411.h5,/Users/anykong/AAL_SD/data/Landslide4Sense/TrainData/mask/image_411.h5
image_1837,/Users/anykong/AAL_SD/data/Landslide4Sense/TrainData/img/image_1837.h5,/Users/anykong/AAL_SD/data/Landslide4Sense/TrainData/mask/image_1837.h5
image_3408,/Users/anykong/AAL_SD/data/Landslide4Sense/TrainData/img/image_3408.h5,/Users/anykong/AAL_SD/data/Landslide4Sense/TrainData/mask/image_3408.h5
image_3227,/Users/anykong/AAL_SD/data/Landslide4Sense/TrainData/img/image_3227.h5,/Users/anykong/AAL_SD/data/Landslide4Sense/TrainData/mask/image_3227.h5
image_569,/Users/anykong/AAL_SD/data/Landslide4Sense/TrainData/img/image_569.h5,/Users/anykong/AAL_SD/data/Landslide4Sense/TrainData/mask/image_569.h5
image_1986,/Users/anykong/AAL_SD/data/Landslide4Sense/TrainData/img/image_1986.h5,/Users/anykong/AAL_SD/data/Landslide4Sense/TrainData/mask/image_1986.h5
image_494,/Users/anykong/AAL_SD/data/Landslide4Sense/TrainData/img/image_494.h5,/Users/anykong/AAL_SD/data/Landslide4Sense/TrainData/mask/image_494.h5
image_652,/Users/anykong/AAL_SD/data/Landslide4Sense/TrainData/img/image_652.h5,/Users/anykong/AAL_SD/data/Landslide4Sense/TrainData/mask/image_652.h5
image_815,/Users/anykong/AAL_SD/data/Landslide4Sense/TrainData/img/image_815.h5,/Users/anykong/AAL_SD/data/Landslide4Sense/TrainData/mask/image_815.h5
image_784,/Users/anykong/AAL_SD/data/Landslide4Sense/TrainData/img/image_784.h5,/Users/anykong/AAL_SD/data/Landslide4Sense/TrainData/mask/image_784.h5
image_2404,/Users/anykong/AAL_SD/data/Landslide4Sense/TrainData/img/image_2404.h5,/Users/anykong/AAL_SD/data/Landslide4Sense/TrainData/mask/image_2404.h5
image_1306,/Users/anykong/AAL_SD/data/Landslide4Sense/TrainData/img/image_1306.h5,/Users/anykong/AAL_SD/data/Landslide4Sense/TrainData/mask/image_1306.h5
image_1222,/Users/anykong/AAL_SD/data/Landslide4Sense/TrainData/img/image_1222.h5,/Users/anykong/AAL_SD/data/Landslide4Sense/TrainData/mask/image_1222.h5
image_1747,/Users/anykong/AAL_SD/data/Landslide4Sense/TrainData/img/image_1747.h5,/Users/anykong/AAL_SD/data/Landslide4Sense/TrainData/mask/image_1747.h5
image_1643,/Users/anykong/AAL_SD/data/Landslide4Sense/TrainData/img/image_1643.h5,/Users/anykong/AAL_SD/data/Landslide4Sense/TrainData/mask/image_1643.h5
image_2667,/Users/anykong/AAL_SD/data/Landslide4Sense/TrainData/img/image_2667.h5,/Users/anykong/AAL_SD/data/Landslide4Sense/TrainData/mask/image_2667.h5
image_2652,/Users/anykong/AAL_SD/data/Landslide4Sense/TrainData/img/image_2652.h5,/Users/anykong/AAL_SD/data/Landslide4Sense/TrainData/mask/image_2652.h5
image_2993,/Users/anykong/AAL_SD/data/Landslide4Sense/TrainData/img/image_2993.h5,/Users/anykong/AAL_SD/data/Landslide4Sense/TrainData/mask/image_2993.h5
image_2983,/Users/anykong/AAL_SD/data/Landslide4Sense/TrainData/img/image_2983.h5,/Users/anykong/AAL_SD/data/Landslide4Sense/TrainData/mask/image_2983.h5
image_2868,/Users/anykong/AAL_SD/data/Landslide4Sense/TrainData/img/image_2868.h5,/Users/anykong/AAL_SD/data/Landslide4Sense/TrainData/mask/image_2868.h5
image_3231,/Users/anykong/AAL_SD/data/Landslide4Sense/TrainData/img/image_3231.h5,/Users/anykong/AAL_SD/data/Landslide4Sense/TrainData/mask/image_3231.h5
image_2049,/Users/anykong/AAL_SD/data/Landslide4Sense/TrainData/img/image_2049.h5,/Users/anykong/AAL_SD/data/Landslide4Sense/TrainData/mask/image_2049.h5
image_2441,/Users/anykong/AAL_SD/data/Landslide4Sense/TrainData/img/image_2441.h5,/Users/anykong/AAL_SD/data/Landslide4Sense/TrainData/mask/image_2441.h5
image_1591,/Users/anykong/AAL_SD/data/Landslide4Sense/TrainData/img/image_1591.h5,/Users/anykong/AAL_SD/data/Landslide4Sense/TrainData/mask/image_1591.h5
image_1390,/Users/anykong/AAL_SD/data/Landslide4Sense/TrainData/img/image_1390.h5,/Users/anykong/AAL_SD/data/Landslide4Sense/TrainData/mask/image_1390.h5
image_290,/Users/anykong/AAL_SD/data/Landslide4Sense/TrainData/img/image_290.h5,/Users/anykong/AAL_SD/data/Landslide4Sense/TrainData/mask/image_290.h5
image_3745,/Users/anykong/AAL_SD/data/Landslide4Sense/TrainData/img/image_3745.h5,/Users/anykong/AAL_SD/data/Landslide4Sense/TrainData/mask/image_3745.h5
image_2373,/Users/anykong/AAL_SD/data/Landslide4Sense/TrainData/img/image_2373.h5,/Users/anykong/AAL_SD/data/Landslide4Sense/TrainData/mask/image_2373.h5
image_541,/Users/anykong/AAL_SD/data/Landslide4Sense/TrainData/img/image_541.h5,/Users/anykong/AAL_SD/data/Landslide4Sense/TrainData/mask/image_541.h5
image_2918,/Users/anykong/AAL_SD/data/Landslide4Sense/TrainData/img/image_2918.h5,/Users/anykong/AAL_SD/data/Landslide4Sense/TrainData/mask/image_2918.h5
image_221,/Users/anykong/AAL_SD/data/Landslide4Sense/TrainData/img/image_221.h5,/Users/anykong/AAL_SD/data/Landslide4Sense/TrainData/mask/image_221.h5
image_998,/Users/anykong/AAL_SD/data/Landslide4Sense/TrainData/img/image_998.h5,/Users/anykong/AAL_SD/data/Landslide4Sense/TrainData/mask/image_998.h5
image_1471,/Users/anykong/AAL_SD/data/Landslide4Sense/TrainData/img/image_1471.h5,/Users/anykong/AAL_SD/data/Landslide4Sense/TrainData/mask/image_1471.h5
image_2281,/Users/anykong/AAL_SD/data/Landslide4Sense/TrainData/img/image_2281.h5,/Users/anykong/AAL_SD/data/Landslide4Sense/TrainData/mask/image_2281.h5
image_7,/Users/anykong/AAL_SD/data/Landslide4Sense/TrainData/img/image_7.h5,/Users/anykong/AAL_SD/data/Landslide4Sense/TrainData/mask/image_7.h5
image_2008,/Users/anykong/AAL_SD/data/Landslide4Sense/TrainData/img/image_2008.h5,/Users/anykong/AAL_SD/data/Landslide4Sense/TrainData/mask/image_2008.h5
image_696,/Users/anykong/AAL_SD/data/Landslide4Sense/TrainData/img/image_696.h5,/Users/anykong/AAL_SD/data/Landslide4Sense/TrainData/mask/image_696.h5
image_618,/Users/anykong/AAL_SD/data/Landslide4Sense/TrainData/img/image_618.h5,/Users/anykong/AAL_SD/data/Landslide4Sense/TrainData/mask/image_618.h5
image_1951,/Users/anykong/AAL_SD/data/Landslide4Sense/TrainData/img/image_1951.h5,/Users/anykong/AAL_SD/data/Landslide4Sense/TrainData/mask/image_1951.h5
image_109,/Users/anykong/AAL_SD/data/Landslide4Sense/TrainData/img/image_109.h5,/Users/anykong/AAL_SD/data/Landslide4Sense/TrainData/mask/image_109.h5
image_2979,/Users/anykong/AAL_SD/data/Landslide4Sense/TrainData/img/image_2979.h5,/Users/anykong/AAL_SD/data/Landslide4Sense/TrainData/mask/image_2979.h5
image_3230,/Users/anykong/AAL_SD/data/Landslide4Sense/TrainData/img/image_3230.h5,/Users/anykong/AAL_SD/data/Landslide4Sense/TrainData/mask/image_3230.h5
image_255,/Users/anykong/AAL_SD/data/Landslide4Sense/TrainData/img/image_255.h5,/Users/anykong/AAL_SD/data/Landslide4Sense/TrainData/mask/image_255.h5
image_3403,/Users/anykong/AAL_SD/data/Landslide4Sense/TrainData/img/image_3403.h5,/Users/anykong/AAL_SD/data/Landslide4Sense/TrainData/mask/image_3403.h5
image_2750,/Users/anykong/AAL_SD/data/Landslide4Sense/TrainData/img/image_2750.h5,/Users/anykong/AAL_SD/data/Landslide4Sense/TrainData/mask/image_2750.h5
image_2621,/Users/anykong/AAL_SD/data/Landslide4Sense/TrainData/img/image_2621.h5,/Users/anykong/AAL_SD/data/Landslide4Sense/TrainData/mask/image_2621.h5
image_1515,/Users/anykong/AAL_SD/data/Landslide4Sense/TrainData/img/image_1515.h5,/Users/anykong/AAL_SD/data/Landslide4Sense/TrainData/mask/image_1515.h5
image_1870,/Users/anykong/AAL_SD/data/Landslide4Sense/TrainData/img/image_1870.h5,/Users/anykong/AAL_SD/data/Landslide4Sense/TrainData/mask/image_1870.h5
image_2504,/Users/anykong/AAL_SD/data/Landslide4Sense/TrainData/img/image_2504.h5,/Users/anykong/AAL_SD/data/Landslide4Sense/TrainData/mask/image_2504.h5
image_2941,/Users/anykong/AAL_SD/data/Landslide4Sense/TrainData/img/image_2941.h5,/Users/anykong/AAL_SD/data/Landslide4Sense/TrainData/mask/image_2941.h5
image_2436,/Users/anykong/AAL_SD/data/Landslide4Sense/TrainData/img/image_2436.h5,/Users/anykong/AAL_SD/data/Landslide4Sense/TrainData/mask/image_2436.h5
image_1075,/Users/anykong/AAL_SD/data/Landslide4Sense/TrainData/img/image_1075.h5,/Users/anykong/AAL_SD/data/Landslide4Sense/TrainData/mask/image_1075.h5
image_2996,/Users/anykong/AAL_SD/data/Landslide4Sense/TrainData/img/image_2996.h5,/Users/anykong/AAL_SD/data/Landslide4Sense/TrainData/mask/image_2996.h5
image_3736,/Users/anykong/AAL_SD/data/Landslide4Sense/TrainData/img/image_3736.h5,/Users/anykong/AAL_SD/data/Landslide4Sense/TrainData/mask/image_3736.h5
image_2950,/Users/anykong/AAL_SD/data/Landslide4Sense/TrainData/img/image_2950.h5,/Users/anykong/AAL_SD/data/Landslide4Sense/TrainData/mask/image_2950.h5
image_1441,/Users/anykong/AAL_SD/data/Landslide4Sense/TrainData/img/image_1441.h5,/Users/anykong/AAL_SD/data/Landslide4Sense/TrainData/mask/image_1441.h5
image_811,/Users/anykong/AAL_SD/data/Landslide4Sense/TrainData/img/image_811.h5,/Users/anykong/AAL_SD/data/Landslide4Sense/TrainData/mask/image_811.h5
image_1126,/Users/anykong/AAL_SD/data/Landslide4Sense/TrainData/img/image_1126.h5,/Users/anykong/AAL_SD/data/Landslide4Sense/TrainData/mask/image_1126.h5
image_2937,/Users/anykong/AAL_SD/data/Landslide4Sense/TrainData/img/image_2937.h5,/Users/anykong/AAL_SD/data/Landslide4Sense/TrainData/mask/image_2937.h5
image_3645,/Users/anykong/AAL_SD/data/Landslide4Sense/TrainData/img/image_3645.h5,/Users/anykong/AAL_SD/data/Landslide4Sense/TrainData/mask/image_3645.h5
image_2446,/Users/anykong/AAL_SD/data/Landslide4Sense/TrainData/img/image_2446.h5,/Users/anykong/AAL_SD/data/Landslide4Sense/TrainData/mask/image_2446.h5
image_2421,/Users/anykong/AAL_SD/data/Landslide4Sense/TrainData/img/image_2421.h5,/Users/anykong/AAL_SD/data/Landslide4Sense/TrainData/mask/image_2421.h5
image_1839,/Users/anykong/AAL_SD/data/Landslide4Sense/TrainData/img/image_1839.h5,/Users/anykong/AAL_SD/data/Landslide4Sense/TrainData/mask/image_1839.h5
image_280,/Users/anykong/AAL_SD/data/Landslide4Sense/TrainData/img/image_280.h5,/Users/anykong/AAL_SD/data/Landslide4Sense/TrainData/mask/image_280.h5
image_216,/Users/anykong/AAL_SD/data/Landslide4Sense/TrainData/img/image_216.h5,/Users/anykong/AAL_SD/data/Landslide4Sense/TrainData/mask/image_216.h5
image_2541,/Users/anykong/AAL_SD/data/Landslide4Sense/TrainData/img/image_2541.h5,/Users/anykong/AAL_SD/data/Landslide4Sense/TrainData/mask/image_2541.h5
image_1387,/Users/anykong/AAL_SD/data/Landslide4Sense/TrainData/img/image_1387.h5,/Users/anykong/AAL_SD/data/Landslide4Sense/TrainData/mask/image_1387.h5
image_524,/Users/anykong/AAL_SD/data/Landslide4Sense/TrainData/img/image_524.h5,/Users/anykong/AAL_SD/data/Landslide4Sense/TrainData/mask/image_524.h5
image_1748,/Users/anykong/AAL_SD/data/Landslide4Sense/TrainData/img/image_1748.h5,/Users/anykong/AAL_SD/data/Landslide4Sense/TrainData/mask/image_1748.h5
image_3728,/Users/anykong/AAL_SD/data/Landslide4Sense/TrainData/img/image_3728.h5,/Users/anykong/AAL_SD/data/Landslide4Sense/TrainData/mask/image_3728.h5
image_2752,/Users/anykong/AAL_SD/data/Landslide4Sense/TrainData/img/image_2752.h5,/Users/anykong/AAL_SD/data/Landslide4Sense/TrainData/mask/image_2752.h5
image_1627,/Users/anykong/AAL_SD/data/Landslide4Sense/TrainData/img/image_1627.h5,/Users/anykong/AAL_SD/data/Landslide4Sense/TrainData/mask/image_1627.h5
image_3542,/Users/anykong/AAL_SD/data/Landslide4Sense/TrainData/img/image_3542.h5,/Users/anykong/AAL_SD/data/Landslide4Sense/TrainData/mask/image_3542.h5
image_1416,/Users/anykong/AAL_SD/data/Landslide4Sense/TrainData/img/image_1416.h5,/Users/anykong/AAL_SD/data/Landslide4Sense/TrainData/mask/image_1416.h5
image_2219,/Users/anykong/AAL_SD/data/Landslide4Sense/TrainData/img/image_2219.h5,/Users/anykong/AAL_SD/data/Landslide4Sense/TrainData/mask/image_2219.h5
image_1203,/Users/anykong/AAL_SD/data/Landslide4Sense/TrainData/img/image_1203.h5,/Users/anykong/AAL_SD/data/Landslide4Sense/TrainData/mask/image_1203.h5
image_1666,/Users/anykong/AAL_SD/data/Landslide4Sense/TrainData/img/image_1666.h5,/Users/anykong/AAL_SD/data/Landslide4Sense/TrainData/mask/image_1666.h5
image_4,/Users/anykong/AAL_SD/data/Landslide4Sense/TrainData/img/image_4.h5,/Users/anykong/AAL_SD/data/Landslide4Sense/TrainData/mask/image_4.h5
image_2368,/Users/anykong/AAL_SD/data/Landslide4Sense/TrainData/img/image_2368.h5,/Users/anykong/AAL_SD/data/Landslide4Sense/TrainData/mask/image_2368.h5
image_662,/Users/anykong/AAL_SD/data/Landslide4Sense/TrainData/img/image_662.h5,/Users/anykong/AAL_SD/data/Landslide4Sense/TrainData/mask/image_662.h5
image_2739,/Users/anykong/AAL_SD/data/Landslide4Sense/TrainData/img/image_2739.h5,/Users/anykong/AAL_SD/data/Landslide4Sense/TrainData/mask/image_2739.h5
image_107,/Users/anykong/AAL_SD/data/Landslide4Sense/TrainData/img/image_107.h5,/Users/anykong/AAL_SD/data/Landslide4Sense/TrainData/mask/image_107.h5
image_201,/Users/anykong/AAL_SD/data/Landslide4Sense/TrainData/img/image_201.h5,/Users/anykong/AAL_SD/data/Landslide4Sense/TrainData/mask/image_201.h5
image_21,/Users/anykong/AAL_SD/data/Landslide4Sense/TrainData/img/image_21.h5,/Users/anykong/AAL_SD/data/Landslide4Sense/TrainData/mask/image_21.h5
image_1384,/Users/anykong/AAL_SD/data/Landslide4Sense/TrainData/img/image_1384.h5,/Users/anykong/AAL_SD/data/Landslide4Sense/TrainData/mask/image_1384.h5
image_3533,/Users/anykong/AAL_SD/data/Landslide4Sense/TrainData/img/image_3533.h5,/Users/anykong/AAL_SD/data/Landslide4Sense/TrainData/mask/image_3533.h5
image_338,/Users/anykong/AAL_SD/data/Landslide4Sense/TrainData/img/image_338.h5,/Users/anykong/AAL_SD/data/Landslide4Sense/TrainData/mask/image_338.h5
image_2732,/Users/anykong/AAL_SD/data/Landslide4Sense/TrainData/img/image_2732.h5,/Users/anykong/AAL_SD/data/Landslide4Sense/TrainData/mask/image_2732.h5
image_1882,/Users/anykong/AAL_SD/data/Landslide4Sense/TrainData/img/image_1882.h5,/Users/anykong/AAL_SD/data/Landslide4Sense/TrainData/mask/image_1882.h5
image_1934,/Users/anykong/AAL_SD/data/Landslide4Sense/TrainData/img/image_1934.h5,/Users/anykong/AAL_SD/data/Landslide4Sense/TrainData/mask/image_1934.h5
image_2321,/Users/anykong/AAL_SD/data/Landslide4Sense/TrainData/img/image_2321.h5,/Users/anykong/AAL_SD/data/Landslide4Sense/TrainData/mask/image_2321.h5
image_1762,/Users/anykong/AAL_SD/data/Landslide4Sense/TrainData/img/image_1762.h5,/Users/anykong/AAL_SD/data/Landslide4Sense/TrainData/mask/image_1762.h5
image_1063,/Users/anykong/AAL_SD/data/Landslide4Sense/TrainData/img/image_1063.h5,/Users/anykong/AAL_SD/data/Landslide4Sense/TrainData/mask/image_1063.h5
image_3343,/Users/anykong/AAL_SD/data/Landslide4Sense/TrainData/img/image_3343.h5,/Users/anykong/AAL_SD/data/Landslide4Sense/TrainData/mask/image_3343.h5
image_1482,/Users/anykong/AAL_SD/data/Landslide4Sense/TrainData/img/image_1482.h5,/Users/anykong/AAL_SD/data/Landslide4Sense/TrainData/mask/image_1482.h5
image_1460,/Users/anykong/AAL_SD/data/Landslide4Sense/TrainData/img/image_1460.h5,/Users/anykong/AAL_SD/data/Landslide4Sense/TrainData/mask/image_1460.h5
image_210,/Users/anykong/AAL_SD/data/Landslide4Sense/TrainData/img/image_210.h5,/Users/anykong/AAL_SD/data/Landslide4Sense/TrainData/mask/image_210.h5
image_2263,/Users/anykong/AAL_SD/data/Landslide4Sense/TrainData/img/image_2263.h5,/Users/anykong/AAL_SD/data/Landslide4Sense/TrainData/mask/image_2263.h5
image_1435,/Users/anykong/AAL_SD/data/Landslide4Sense/TrainData/img/image_1435.h5,/Users/anykong/AAL_SD/data/Landslide4Sense/TrainData/mask/image_1435.h5
image_2204,/Users/anykong/AAL_SD/data/Landslide4Sense/TrainData/img/image_2204.h5,/Users/anykong/AAL_SD/data/Landslide4Sense/TrainData/mask/image_2204.h5
image_2790,/Users/anykong/AAL_SD/data/Landslide4Sense/TrainData/img/image_2790.h5,/Users/anykong/AAL_SD/data/Landslide4Sense/TrainData/mask/image_2790.h5
image_3586,/Users/anykong/AAL_SD/data/Landslide4Sense/TrainData/img/image_3586.h5,/Users/anykong/AAL_SD/data/Landslide4Sense/TrainData/mask/image_3586.h5
image_3304,/Users/anykong/AAL_SD/data/Landslide4Sense/TrainData/img/image_3304.h5,/Users/anykong/AAL_SD/data/Landslide4Sense/TrainData/mask/image_3304.h5
image_664,/Users/anykong/AAL_SD/data/Landslide4Sense/TrainData/img/image_664.h5,/Users/anykong/AAL_SD/data/Landslide4Sense/TrainData/mask/image_664.h5
image_2454,/Users/anykong/AAL_SD/data/Landslide4Sense/TrainData/img/image_2454.h5,/Users/anykong/AAL_SD/data/Landslide4Sense/TrainData/mask/image_2454.h5
image_2692,/Users/anykong/AAL_SD/data/Landslide4Sense/TrainData/img/image_2692.h5,/Users/anykong/AAL_SD/data/Landslide4Sense/TrainData/mask/image_2692.h5
image_3638,/Users/anykong/AAL_SD/data/Landslide4Sense/TrainData/img/image_3638.h5,/Users/anykong/AAL_SD/data/Landslide4Sense/TrainData/mask/image_3638.h5
image_2585,/Users/anykong/AAL_SD/data/Landslide4Sense/TrainData/img/image_2585.h5,/Users/anykong/AAL_SD/data/Landslide4Sense/TrainData/mask/image_2585.h5
image_2748,/Users/anykong/AAL_SD/data/Landslide4Sense/TrainData/img/image_2748.h5,/Users/anykong/AAL_SD/data/Landslide4Sense/TrainData/mask/image_2748.h5
image_2957,/Users/anykong/AAL_SD/data/Landslide4Sense/TrainData/img/image_2957.h5,/Users/anykong/AAL_SD/data/Landslide4Sense/TrainData/mask/image_2957.h5
image_3366,/Users/anykong/AAL_SD/data/Landslide4Sense/TrainData/img/image_3366.h5,/Users/anykong/AAL_SD/data/Landslide4Sense/TrainData/mask/image_3366.h5
image_1961,/Users/anykong/AAL_SD/data/Landslide4Sense/TrainData/img/image_1961.h5,/Users/anykong/AAL_SD/data/Landslide4Sense/TrainData/mask/image_1961.h5
image_2997,/Users/anykong/AAL_SD/data/Landslide4Sense/TrainData/img/image_2997.h5,/Users/anykong/AAL_SD/data/Landslide4Sense/TrainData/mask/image_2997.h5
image_2111,/Users/anykong/AAL_SD/data/Landslide4Sense/TrainData/img/image_2111.h5,/Users/anykong/AAL_SD/data/Landslide4Sense/TrainData/mask/image_2111.h5
image_2155,/Users/anykong/AAL_SD/data/Landslide4Sense/TrainData/img/image_2155.h5,/Users/anykong/AAL_SD/data/Landslide4Sense/TrainData/mask/image_2155.h5
image_2443,/Users/anykong/AAL_SD/data/Landslide4Sense/TrainData/img/image_2443.h5,/Users/anykong/AAL_SD/data/Landslide4Sense/TrainData/mask/image_2443.h5
image_2207,/Users/anykong/AAL_SD/data/Landslide4Sense/TrainData/img/image_2207.h5,/Users/anykong/AAL_SD/data/Landslide4Sense/TrainData/mask/image_2207.h5
image_673,/Users/anykong/AAL_SD/data/Landslide4Sense/TrainData/img/image_673.h5,/Users/anykong/AAL_SD/data/Landslide4Sense/TrainData/mask/image_673.h5
image_2690,/Users/anykong/AAL_SD/data/Landslide4Sense/TrainData/img/image_2690.h5,/Users/anykong/AAL_SD/data/Landslide4Sense/TrainData/mask/image_2690.h5
image_2163,/Users/anykong/AAL_SD/data/Landslide4Sense/TrainData/img/image_2163.h5,/Users/anykong/AAL_SD/data/Landslide4Sense/TrainData/mask/image_2163.h5
image_3415,/Users/anykong/AAL_SD/data/Landslide4Sense/TrainData/img/image_3415.h5,/Users/anykong/AAL_SD/data/Landslide4Sense/TrainData/mask/image_3415.h5
image_2855,/Users/anykong/AAL_SD/data/Landslide4Sense/TrainData/img/image_2855.h5,/Users/anykong/AAL_SD/data/Landslide4Sense/TrainData/mask/image_2855.h5
image_3532,/Users/anykong/AAL_SD/data/Landslide4Sense/TrainData/img/image_3532.h5,/Users/anykong/AAL_SD/data/Landslide4Sense/TrainData/mask/image_3532.h5
image_982,/Users/anykong/AAL_SD/data/Landslide4Sense/TrainData/img/image_982.h5,/Users/anykong/AAL_SD/data/Landslide4Sense/TrainData/mask/image_982.h5
image_935,/Users/anykong/AAL_SD/data/Landslide4Sense/TrainData/img/image_935.h5,/Users/anykong/AAL_SD/data/Landslide4Sense/TrainData/mask/image_935.h5
image_2120,/Users/anykong/AAL_SD/data/Landslide4Sense/TrainData/img/image_2120.h5,/Users/anykong/AAL_SD/data/Landslide4Sense/TrainData/mask/image_2120.h5
image_3591,/Users/anykong/AAL_SD/data/Landslide4Sense/TrainData/img/image_3591.h5,/Users/anykong/AAL_SD/data/Landslide4Sense/TrainData/mask/image_3591.h5
image_1461,/Users/anykong/AAL_SD/data/Landslide4Sense/TrainData/img/image_1461.h5,/Users/anykong/AAL_SD/data/Landslide4Sense/TrainData/mask/image_1461.h5
image_2296,/Users/anykong/AAL_SD/data/Landslide4Sense/TrainData/img/image_2296.h5,/Users/anykong/AAL_SD/data/Landslide4Sense/TrainData/mask/image_2296.h5
image_1040,/Users/anykong/AAL_SD/data/Landslide4Sense/TrainData/img/image_1040.h5,/Users/anykong/AAL_SD/data/Landslide4Sense/TrainData/mask/image_1040.h5
image_2716,/Users/anykong/AAL_SD/data/Landslide4Sense/TrainData/img/image_2716.h5,/Users/anykong/AAL_SD/data/Landslide4Sense/TrainData/mask/image_2716.h5
image_909,/Users/anykong/AAL_SD/data/Landslide4Sense/TrainData/img/image_909.h5,/Users/anykong/AAL_SD/data/Landslide4Sense/TrainData/mask/image_909.h5
image_2613,/Users/anykong/AAL_SD/data/Landslide4Sense/TrainData/img/image_2613.h5,/Users/anykong/AAL_SD/data/Landslide4Sense/TrainData/mask/image_2613.h5
image_2828,/Users/anykong/AAL_SD/data/Landslide4Sense/TrainData/img/image_2828.h5,/Users/anykong/AAL_SD/data/Landslide4Sense/TrainData/mask/image_2828.h5
image_525,/Users/anykong/AAL_SD/data/Landslide4Sense/TrainData/img/image_525.h5,/Users/anykong/AAL_SD/data/Landslide4Sense/TrainData/mask/image_525.h5
image_3538,/Users/anykong/AAL_SD/data/Landslide4Sense/TrainData/img/image_3538.h5,/Users/anykong/AAL_SD/data/Landslide4Sense/TrainData/mask/image_3538.h5
image_2197,/Users/anykong/AAL_SD/data/Landslide4Sense/TrainData/img/image_2197.h5,/Users/anykong/AAL_SD/data/Landslide4Sense/TrainData/mask/image_2197.h5
image_2956,/Users/anykong/AAL_SD/data/Landslide4Sense/TrainData/img/image_2956.h5,/Users/anykong/AAL_SD/data/Landslide4Sense/TrainData/mask/image_2956.h5
image_2770,/Users/anykong/AAL_SD/data/Landslide4Sense/TrainData/img/image_2770.h5,/Users/anykong/AAL_SD/data/Landslide4Sense/TrainData/mask/image_2770.h5
image_2472,/Users/anykong/AAL_SD/data/Landslide4Sense/TrainData/img/image_2472.h5,/Users/anykong/AAL_SD/data/Landslide4Sense/TrainData/mask/image_2472.h5
image_1153,/Users/anykong/AAL_SD/data/Landslide4Sense/TrainData/img/image_1153.h5,/Users/anykong/AAL_SD/data/Landslide4Sense/TrainData/mask/image_1153.h5
image_1439,/Users/anykong/AAL_SD/data/Landslide4Sense/TrainData/img/image_1439.h5,/Users/anykong/AAL_SD/data/Landslide4Sense/TrainData/mask/image_1439.h5
image_2359,/Users/anykong/AAL_SD/data/Landslide4Sense/TrainData/img/image_2359.h5,/Users/anykong/AAL_SD/data/Landslide4Sense/TrainData/mask/image_2359.h5
image_2670,/Users/anykong/AAL_SD/data/Landslide4Sense/TrainData/img/image_2670.h5,/Users/anykong/AAL_SD/data/Landslide4Sense/TrainData/mask/image_2670.h5
image_1080,/Users/anykong/AAL_SD/data/Landslide4Sense/TrainData/img/image_1080.h5,/Users/anykong/AAL_SD/data/Landslide4Sense/TrainData/mask/image_1080.h5
image_2179,/Users/anykong/AAL_SD/data/Landslide4Sense/TrainData/img/image_2179.h5,/Users/anykong/AAL_SD/data/Landslide4Sense/TrainData/mask/image_2179.h5
image_3259,/Users/anykong/AAL_SD/data/Landslide4Sense/TrainData/img/image_3259.h5,/Users/anykong/AAL_SD/data/Landslide4Sense/TrainData/mask/image_3259.h5
image_2332,/Users/anykong/AAL_SD/data/Landslide4Sense/TrainData/img/image_2332.h5,/Users/anykong/AAL_SD/data/Landslide4Sense/TrainData/mask/image_2332.h5
image_310,/Users/anykong/AAL_SD/data/Landslide4Sense/TrainData/img/image_310.h5,/Users/anykong/AAL_SD/data/Landslide4Sense/TrainData/mask/image_310.h5
image_1348,/Users/anykong/AAL_SD/data/Landslide4Sense/TrainData/img/image_1348.h5,/Users/anykong/AAL_SD/data/Landslide4Sense/TrainData/mask/image_1348.h5
image_1018,/Users/anykong/AAL_SD/data/Landslide4Sense/TrainData/img/image_1018.h5,/Users/anykong/AAL_SD/data/Landslide4Sense/TrainData/mask/image_1018.h5
image_2858,/Users/anykong/AAL_SD/data/Landslide4Sense/TrainData/img/image_2858.h5,/Users/anykong/AAL_SD/data/Landslide4Sense/TrainData/mask/image_2858.h5
image_1054,/Users/anykong/AAL_SD/data/Landslide4Sense/TrainData/img/image_1054.h5,/Users/anykong/AAL_SD/data/Landslide4Sense/TrainData/mask/image_1054.h5
image_319,/Users/anykong/AAL_SD/data/Landslide4Sense/TrainData/img/image_319.h5,/Users/anykong/AAL_SD/data/Landslide4Sense/TrainData/mask/image_319.h5
image_1382,/Users/anykong/AAL_SD/data/Landslide4Sense/TrainData/img/image_1382.h5,/Users/anykong/AAL_SD/data/Landslide4Sense/TrainData/mask/image_1382.h5
image_2537,/Users/anykong/AAL_SD/data/Landslide4Sense/TrainData/img/image_2537.h5,/Users/anykong/AAL_SD/data/Landslide4Sense/TrainData/mask/image_2537.h5
image_1512,/Users/anykong/AAL_SD/data/Landslide4Sense/TrainData/img/image_1512.h5,/Users/anykong/AAL_SD/data/Landslide4Sense/TrainData/mask/image_1512.h5
image_1000,/Users/anykong/AAL_SD/data/Landslide4Sense/TrainData/img/image_1000.h5,/Users/anykong/AAL_SD/data/Landslide4Sense/TrainData/mask/image_1000.h5
image_2738,/Users/anykong/AAL_SD/data/Landslide4Sense/TrainData/img/image_2738.h5,/Users/anykong/AAL_SD/data/Landslide4Sense/TrainData/mask/image_2738.h5
image_2015,/Users/anykong/AAL_SD/data/Landslide4Sense/TrainData/img/image_2015.h5,/Users/anykong/AAL_SD/data/Landslide4Sense/TrainData/mask/image_2015.h5
image_1835,/Users/anykong/AAL_SD/data/Landslide4Sense/TrainData/img/image_1835.h5,/Users/anykong/AAL_SD/data/Landslide4Sense/TrainData/mask/image_1835.h5
image_2740,/Users/anykong/AAL_SD/data/Landslide4Sense/TrainData/img/image_2740.h5,/Users/anykong/AAL_SD/data/Landslide4Sense/TrainData/mask/image_2740.h5
image_1310,/Users/anykong/AAL_SD/data/Landslide4Sense/TrainData/img/image_1310.h5,/Users/anykong/AAL_SD/data/Landslide4Sense/TrainData/mask/image_1310.h5
image_3621,/Users/anykong/AAL_SD/data/Landslide4Sense/TrainData/img/image_3621.h5,/Users/anykong/AAL_SD/data/Landslide4Sense/TrainData/mask/image_3621.h5
image_44,/Users/anykong/AAL_SD/data/Landslide4Sense/TrainData/img/image_44.h5,/Users/anykong/AAL_SD/data/Landslide4Sense/TrainData/mask/image_44.h5
image_939,/Users/anykong/AAL_SD/data/Landslide4Sense/TrainData/img/image_939.h5,/Users/anykong/AAL_SD/data/Landslide4Sense/TrainData/mask/image_939.h5
image_2051,/Users/anykong/AAL_SD/data/Landslide4Sense/TrainData/img/image_2051.h5,/Users/anykong/AAL_SD/data/Landslide4Sense/TrainData/mask/image_2051.h5
image_2901,/Users/anykong/AAL_SD/data/Landslide4Sense/TrainData/img/image_2901.h5,/Users/anykong/AAL_SD/data/Landslide4Sense/TrainData/mask/image_2901.h5
image_3329,/Users/anykong/AAL_SD/data/Landslide4Sense/TrainData/img/image_3329.h5,/Users/anykong/AAL_SD/data/Landslide4Sense/TrainData/mask/image_3329.h5
image_1484,/Users/anykong/AAL_SD/data/Landslide4Sense/TrainData/img/image_1484.h5,/Users/anykong/AAL_SD/data/Landslide4Sense/TrainData/mask/image_1484.h5
image_3433,/Users/anykong/AAL_SD/data/Landslide4Sense/TrainData/img/image_3433.h5,/Users/anykong/AAL_SD/data/Landslide4Sense/TrainData/mask/image_3433.h5
image_2082,/Users/anykong/AAL_SD/data/Landslide4Sense/TrainData/img/image_2082.h5,/Users/anykong/AAL_SD/data/Landslide4Sense/TrainData/mask/image_2082.h5
image_2137,/Users/anykong/AAL_SD/data/Landslide4Sense/TrainData/img/image_2137.h5,/Users/anykong/AAL_SD/data/Landslide4Sense/TrainData/mask/image_2137.h5
image_3733,/Users/anykong/AAL_SD/data/Landslide4Sense/TrainData/img/image_3733.h5,/Users/anykong/AAL_SD/data/Landslide4Sense/TrainData/mask/image_3733.h5
image_534,/Users/anykong/AAL_SD/data/Landslide4Sense/TrainData/img/image_534.h5,/Users/anykong/AAL_SD/data/Landslide4Sense/TrainData/mask/image_534.h5
image_16,/Users/anykong/AAL_SD/data/Landslide4Sense/TrainData/img/image_16.h5,/Users/anykong/AAL_SD/data/Landslide4Sense/TrainData/mask/image_16.h5
image_1256,/Users/anykong/AAL_SD/data/Landslide4Sense/TrainData/img/image_1256.h5,/Users/anykong/AAL_SD/data/Landslide4Sense/TrainData/mask/image_1256.h5
image_2567,/Users/anykong/AAL_SD/data/Landslide4Sense/TrainData/img/image_2567.h5,/Users/anykong/AAL_SD/data/Landslide4Sense/TrainData/mask/image_2567.h5
image_1508,/Users/anykong/AAL_SD/data/Landslide4Sense/TrainData/img/image_1508.h5,/Users/anykong/AAL_SD/data/Landslide4Sense/TrainData/mask/image_1508.h5
image_2817,/Users/anykong/AAL_SD/data/Landslide4Sense/TrainData/img/image_2817.h5,/Users/anykong/AAL_SD/data/Landslide4Sense/TrainData/mask/image_2817.h5
image_769,/Users/anykong/AAL_SD/data/Landslide4Sense/TrainData/img/image_769.h5,/Users/anykong/AAL_SD/data/Landslide4Sense/TrainData/mask/image_769.h5
image_3315,/Users/anykong/AAL_SD/data/Landslide4Sense/TrainData/img/image_3315.h5,/Users/anykong/AAL_SD/data/Landslide4Sense/TrainData/mask/image_3315.h5
image_1383,/Users/anykong/AAL_SD/data/Landslide4Sense/TrainData/img/image_1383.h5,/Users/anykong/AAL_SD/data/Landslide4Sense/TrainData/mask/image_1383.h5
image_2171,/Users/anykong/AAL_SD/data/Landslide4Sense/TrainData/img/image_2171.h5,/Users/anykong/AAL_SD/data/Landslide4Sense/TrainData/mask/image_2171.h5
image_2972,/Users/anykong/AAL_SD/data/Landslide4Sense/TrainData/img/image_2972.h5,/Users/anykong/AAL_SD/data/Landslide4Sense/TrainData/mask/image_2972.h5
image_3016,/Users/anykong/AAL_SD/data/Landslide4Sense/TrainData/img/image_3016.h5,/Users/anykong/AAL_SD/data/Landslide4Sense/TrainData/mask/image_3016.h5
image_2004,/Users/anykong/AAL_SD/data/Landslide4Sense/TrainData/img/image_2004.h5,/Users/anykong/AAL_SD/data/Landslide4Sense/TrainData/mask/image_2004.h5
image_1418,/Users/anykong/AAL_SD/data/Landslide4Sense/TrainData/img/image_1418.h5,/Users/anykong/AAL_SD/data/Landslide4Sense/TrainData/mask/image_1418.h5
image_174,/Users/anykong/AAL_SD/data/Landslide4Sense/TrainData/img/image_174.h5,/Users/anykong/AAL_SD/data/Landslide4Sense/TrainData/mask/image_174.h5
image_3559,/Users/anykong/AAL_SD/data/Landslide4Sense/TrainData/img/image_3559.h5,/Users/anykong/AAL_SD/data/Landslide4Sense/TrainData/mask/image_3559.h5
image_2922,/Users/anykong/AAL_SD/data/Landslide4Sense/TrainData/img/image_2922.h5,/Users/anykong/AAL_SD/data/Landslide4Sense/TrainData/mask/image_2922.h5
image_127,/Users/anykong/AAL_SD/data/Landslide4Sense/TrainData/img/image_127.h5,/Users/anykong/AAL_SD/data/Landslide4Sense/TrainData/mask/image_127.h5
image_2823,/Users/anykong/AAL_SD/data/Landslide4Sense/TrainData/img/image_2823.h5,/Users/anykong/AAL_SD/data/Landslide4Sense/TrainData/mask/image_2823.h5
image_2249,/Users/anykong/AAL_SD/data/Landslide4Sense/TrainData/img/image_2249.h5,/Users/anykong/AAL_SD/data/Landslide4Sense/TrainData/mask/image_2249.h5
image_1239,/Users/anykong/AAL_SD/data/Landslide4Sense/TrainData/img/image_1239.h5,/Users/anykong/AAL_SD/data/Landslide4Sense/TrainData/mask/image_1239.h5
image_1641,/Users/anykong/AAL_SD/data/Landslide4Sense/TrainData/img/image_1641.h5,/Users/anykong/AAL_SD/data/Landslide4Sense/TrainData/mask/image_1641.h5
image_3198,/Users/anykong/AAL_SD/data/Landslide4Sense/TrainData/img/image_3198.h5,/Users/anykong/AAL_SD/data/Landslide4Sense/TrainData/mask/image_3198.h5
image_3325,/Users/anykong/AAL_SD/data/Landslide4Sense/TrainData/img/image_3325.h5,/Users/anykong/AAL_SD/data/Landslide4Sense/TrainData/mask/image_3325.h5
image_2905,/Users/anykong/AAL_SD/data/Landslide4Sense/TrainData/img/image_2905.h5,/Users/anykong/AAL_SD/data/Landslide4Sense/TrainData/mask/image_2905.h5
image_3413,/Users/anykong/AAL_SD/data/Landslide4Sense/TrainData/img/image_3413.h5,/Users/anykong/AAL_SD/data/Landslide4Sense/TrainData/mask/image_3413.h5
image_1930,/Users/anykong/AAL_SD/data/Landslide4Sense/TrainData/img/image_1930.h5,/Users/anykong/AAL_SD/data/Landslide4Sense/TrainData/mask/image_1930.h5
image_1051,/Users/anykong/AAL_SD/data/Landslide4Sense/TrainData/img/image_1051.h5,/Users/anykong/AAL_SD/data/Landslide4Sense/TrainData/mask/image_1051.h5
image_1552,/Users/anykong/AAL_SD/data/Landslide4Sense/TrainData/img/image_1552.h5,/Users/anykong/AAL_SD/data/Landslide4Sense/TrainData/mask/image_1552.h5
image_2124,/Users/anykong/AAL_SD/data/Landslide4Sense/TrainData/img/image_2124.h5,/Users/anykong/AAL_SD/data/Landslide4Sense/TrainData/mask/image_2124.h5
image_77,/Users/anykong/AAL_SD/data/Landslide4Sense/TrainData/img/image_77.h5,/Users/anykong/AAL_SD/data/Landslide4Sense/TrainData/mask/image_77.h5
image_888,/Users/anykong/AAL_SD/data/Landslide4Sense/TrainData/img/image_888.h5,/Users/anykong/AAL_SD/data/Landslide4Sense/TrainData/mask/image_888.h5
image_3747,/Users/anykong/AAL_SD/data/Landslide4Sense/TrainData/img/image_3747.h5,/Users/anykong/AAL_SD/data/Landslide4Sense/TrainData/mask/image_3747.h5
image_2874,/Users/anykong/AAL_SD/data/Landslide4Sense/TrainData/img/image_2874.h5,/Users/anykong/AAL_SD/data/Landslide4Sense/TrainData/mask/image_2874.h5
image_912,/Users/anykong/AAL_SD/data/Landslide4Sense/TrainData/img/image_912.h5,/Users/anykong/AAL_SD/data/Landslide4Sense/TrainData/mask/image_912.h5
image_2461,/Users/anykong/AAL_SD/data/Landslide4Sense/TrainData/img/image_2461.h5,/Users/anykong/AAL_SD/data/Landslide4Sense/TrainData/mask/image_2461.h5
image_405,/Users/anykong/AAL_SD/data/Landslide4Sense/TrainData/img/image_405.h5,/Users/anykong/AAL_SD/data/Landslide4Sense/TrainData/mask/image_405.h5
image_3021,/Users/anykong/AAL_SD/data/Landslide4Sense/TrainData/img/image_3021.h5,/Users/anykong/AAL_SD/data/Landslide4Sense/TrainData/mask/image_3021.h5
image_824,/Users/anykong/AAL_SD/data/Landslide4Sense/TrainData/img/image_824.h5,/Users/anykong/AAL_SD/data/Landslide4Sense/TrainData/mask/image_824.h5
image_2772,/Users/anykong/AAL_SD/data/Landslide4Sense/TrainData/img/image_2772.h5,/Users/anykong/AAL_SD/data/Landslide4Sense/TrainData/mask/image_2772.h5
image_2374,/Users/anykong/AAL_SD/data/Landslide4Sense/TrainData/img/image_2374.h5,/Users/anykong/AAL_SD/data/Landslide4Sense/TrainData/mask/image_2374.h5
image_508,/Users/anykong/AAL_SD/data/Landslide4Sense/TrainData/img/image_508.h5,/Users/anykong/AAL_SD/data/Landslide4Sense/TrainData/mask/image_508.h5
image_2121,/Users/anykong/AAL_SD/data/Landslide4Sense/TrainData/img/image_2121.h5,/Users/anykong/AAL_SD/data/Landslide4Sense/TrainData/mask/image_2121.h5
image_2987,/Users/anykong/AAL_SD/data/Landslide4Sense/TrainData/img/image_2987.h5,/Users/anykong/AAL_SD/data/Landslide4Sense/TrainData/mask/image_2987.h5
image_2943,/Users/anykong/AAL_SD/data/Landslide4Sense/TrainData/img/image_2943.h5,/Users/anykong/AAL_SD/data/Landslide4Sense/TrainData/mask/image_2943.h5
image_1271,/Users/anykong/AAL_SD/data/Landslide4Sense/TrainData/img/image_1271.h5,/Users/anykong/AAL_SD/data/Landslide4Sense/TrainData/mask/image_1271.h5
image_19,/Users/anykong/AAL_SD/data/Landslide4Sense/TrainData/img/image_19.h5,/Users/anykong/AAL_SD/data/Landslide4Sense/TrainData/mask/image_19.h5
image_2290,/Users/anykong/AAL_SD/data/Landslide4Sense/TrainData/img/image_2290.h5,/Users/anykong/AAL_SD/data/Landslide4Sense/TrainData/mask/image_2290.h5
image_2495,/Users/anykong/AAL_SD/data/Landslide4Sense/TrainData/img/image_2495.h5,/Users/anykong/AAL_SD/data/Landslide4Sense/TrainData/mask/image_2495.h5
image_2424,/Users/anykong/AAL_SD/data/Landslide4Sense/TrainData/img/image_2424.h5,/Users/anykong/AAL_SD/data/Landslide4Sense/TrainData/mask/image_2424.h5
image_1292,/Users/anykong/AAL_SD/data/Landslide4Sense/TrainData/img/image_1292.h5,/Users/anykong/AAL_SD/data/Landslide4Sense/TrainData/mask/image_1292.h5
image_2588,/Users/anykong/AAL_SD/data/Landslide4Sense/TrainData/img/image_2588.h5,/Users/anykong/AAL_SD/data/Landslide4Sense/TrainData/mask/image_2588.h5
image_1876,/Users/anykong/AAL_SD/data/Landslide4Sense/TrainData/img/image_1876.h5,/Users/anykong/AAL_SD/data/Landslide4Sense/TrainData/mask/image_1876.h5
image_3771,/Users/anykong/AAL_SD/data/Landslide4Sense/TrainData/img/image_3771.h5,/Users/anykong/AAL_SD/data/Landslide4Sense/TrainData/mask/image_3771.h5
image_456,/Users/anykong/AAL_SD/data/Landslide4Sense/TrainData/img/image_456.h5,/Users/anykong/AAL_SD/data/Landslide4Sense/TrainData/mask/image_456.h5
image_1445,/Users/anykong/AAL_SD/data/Landslide4Sense/TrainData/img/image_1445.h5,/Users/anykong/AAL_SD/data/Landslide4Sense/TrainData/mask/image_1445.h5
image_2915,/Users/anykong/AAL_SD/data/Landslide4Sense/TrainData/img/image_2915.h5,/Users/anykong/AAL_SD/data/Landslide4Sense/TrainData/mask/image_2915.h5
image_2484,/Users/anykong/AAL_SD/data/Landslide4Sense/TrainData/img/image_2484.h5,/Users/anykong/AAL_SD/data/Landslide4Sense/TrainData/mask/image_2484.h5
image_2917,/Users/anykong/AAL_SD/data/Landslide4Sense/TrainData/img/image_2917.h5,/Users/anykong/AAL_SD/data/Landslide4Sense/TrainData/mask/image_2917.h5
image_2702,/Users/anykong/AAL_SD/data/Landslide4Sense/TrainData/img/image_2702.h5,/Users/anykong/AAL_SD/data/Landslide4Sense/TrainData/mask/image_2702.h5
image_2786,/Users/anykong/AAL_SD/data/Landslide4Sense/TrainData/img/image_2786.h5,/Users/anykong/AAL_SD/data/Landslide4Sense/TrainData/mask/image_2786.h5
image_2194,/Users/anykong/AAL_SD/data/Landslide4Sense/TrainData/img/image_2194.h5,/Users/anykong/AAL_SD/data/Landslide4Sense/TrainData/mask/image_2194.h5
image_505,/Users/anykong/AAL_SD/data/Landslide4Sense/TrainData/img/image_505.h5,/Users/anykong/AAL_SD/data/Landslide4Sense/TrainData/mask/image_505.h5
image_3488,/Users/anykong/AAL_SD/data/Landslide4Sense/TrainData/img/image_3488.h5,/Users/anykong/AAL_SD/data/Landslide4Sense/TrainData/mask/image_3488.h5
image_2706,/Users/anykong/AAL_SD/data/Landslide4Sense/TrainData/img/image_2706.h5,/Users/anykong/AAL_SD/data/Landslide4Sense/TrainData/mask/image_2706.h5
image_1110,/Users/anykong/AAL_SD/data/Landslide4Sense/TrainData/img/image_1110.h5,/Users/anykong/AAL_SD/data/Landslide4Sense/TrainData/mask/image_1110.h5
image_3652,/Users/anykong/AAL_SD/data/Landslide4Sense/TrainData/img/image_3652.h5,/Users/anykong/AAL_SD/data/Landslide4Sense/TrainData/mask/image_3652.h5
image_2492,/Users/anykong/AAL_SD/data/Landslide4Sense/TrainData/img/image_2492.h5,/Users/anykong/AAL_SD/data/Landslide4Sense/TrainData/mask/image_2492.h5
image_1764,/Users/anykong/AAL_SD/data/Landslide4Sense/TrainData/img/image_1764.h5,/Users/anykong/AAL_SD/data/Landslide4Sense/TrainData/mask/image_1764.h5
image_959,/Users/anykong/AAL_SD/data/Landslide4Sense/TrainData/img/image_959.h5,/Users/anykong/AAL_SD/data/Landslide4Sense/TrainData/mask/image_959.h5
image_659,/Users/anykong/AAL_SD/data/Landslide4Sense/TrainData/img/image_659.h5,/Users/anykong/AAL_SD/data/Landslide4Sense/TrainData/mask/image_659.h5
image_1062,/Users/anykong/AAL_SD/data/Landslide4Sense/TrainData/img/image_1062.h5,/Users/anykong/AAL_SD/data/Landslide4Sense/TrainData/mask/image_1062.h5
image_580,/Users/anykong/AAL_SD/data/Landslide4Sense/TrainData/img/image_580.h5,/Users/anykong/AAL_SD/data/Landslide4Sense/TrainData/mask/image_580.h5
image_1677,/Users/anykong/AAL_SD/data/Landslide4Sense/TrainData/img/image_1677.h5,/Users/anykong/AAL_SD/data/Landslide4Sense/TrainData/mask/image_1677.h5
image_1911,/Users/anykong/AAL_SD/data/Landslide4Sense/TrainData/img/image_1911.h5,/Users/anykong/AAL_SD/data/Landslide4Sense/TrainData/mask/image_1911.h5
image_789,/Users/anykong/AAL_SD/data/Landslide4Sense/TrainData/img/image_789.h5,/Users/anykong/AAL_SD/data/Landslide4Sense/TrainData/mask/image_789.h5
image_653,/Users/anykong/AAL_SD/data/Landslide4Sense/TrainData/img/image_653.h5,/Users/anykong/AAL_SD/data/Landslide4Sense/TrainData/mask/image_653.h5
image_3061,/Users/anykong/AAL_SD/data/Landslide4Sense/TrainData/img/image_3061.h5,/Users/anykong/AAL_SD/data/Landslide4Sense/TrainData/mask/image_3061.h5
image_2001,/Users/anykong/AAL_SD/data/Landslide4Sense/TrainData/img/image_2001.h5,/Users/anykong/AAL_SD/data/Landslide4Sense/TrainData/mask/image_2001.h5
image_1468,/Users/anykong/AAL_SD/data/Landslide4Sense/TrainData/img/image_1468.h5,/Users/anykong/AAL_SD/data/Landslide4Sense/TrainData/mask/image_1468.h5
image_697,/Users/anykong/AAL_SD/data/Landslide4Sense/TrainData/img/image_697.h5,/Users/anykong/AAL_SD/data/Landslide4Sense/TrainData/mask/image_697.h5
image_2466,/Users/anykong/AAL_SD/data/Landslide4Sense/TrainData/img/image_2466.h5,/Users/anykong/AAL_SD/data/Landslide4Sense/TrainData/mask/image_2466.h5
image_3711,/Users/anykong/AAL_SD/data/Landslide4Sense/TrainData/img/image_3711.h5,/Users/anykong/AAL_SD/data/Landslide4Sense/TrainData/mask/image_3711.h5
image_3256,/Users/anykong/AAL_SD/data/Landslide4Sense/TrainData/img/image_3256.h5,/Users/anykong/AAL_SD/data/Landslide4Sense/TrainData/mask/image_3256.h5
image_3451,/Users/anykong/AAL_SD/data/Landslide4Sense/TrainData/img/image_3451.h5,/Users/anykong/AAL_SD/data/Landslide4Sense/TrainData/mask/image_3451.h5
image_3787,/Users/anykong/AAL_SD/data/Landslide4Sense/TrainData/img/image_3787.h5,/Users/anykong/AAL_SD/data/Landslide4Sense/TrainData/mask/image_3787.h5
image_3435,/Users/anykong/AAL_SD/data/Landslide4Sense/TrainData/img/image_3435.h5,/Users/anykong/AAL_SD/data/Landslide4Sense/TrainData/mask/image_3435.h5
image_1675,/Users/anykong/AAL_SD/data/Landslide4Sense/TrainData/img/image_1675.h5,/Users/anykong/AAL_SD/data/Landslide4Sense/TrainData/mask/image_1675.h5
image_1096,/Users/anykong/AAL_SD/data/Landslide4Sense/TrainData/img/image_1096.h5,/Users/anykong/AAL_SD/data/Landslide4Sense/TrainData/mask/image_1096.h5
image_1827,/Users/anykong/AAL_SD/data/Landslide4Sense/TrainData/img/image_1827.h5,/Users/anykong/AAL_SD/data/Landslide4Sense/TrainData/mask/image_1827.h5
image_545,/Users/anykong/AAL_SD/data/Landslide4Sense/TrainData/img/image_545.h5,/Users/anykong/AAL_SD/data/Landslide4Sense/TrainData/mask/image_545.h5
image_3766,/Users/anykong/AAL_SD/data/Landslide4Sense/TrainData/img/image_3766.h5,/Users/anykong/AAL_SD/data/Landslide4Sense/TrainData/mask/image_3766.h5
image_1350,/Users/anykong/AAL_SD/data/Landslide4Sense/TrainData/img/image_1350.h5,/Users/anykong/AAL_SD/data/Landslide4Sense/TrainData/mask/image_1350.h5
image_856,/Users/anykong/AAL_SD/data/Landslide4Sense/TrainData/img/image_856.h5,/Users/anykong/AAL_SD/data/Landslide4Sense/TrainData/mask/image_856.h5
image_3369,/Users/anykong/AAL_SD/data/Landslide4Sense/TrainData/img/image_3369.h5,/Users/anykong/AAL_SD/data/Landslide4Sense/TrainData/mask/image_3369.h5
image_3342,/Users/anykong/AAL_SD/data/Landslide4Sense/TrainData/img/image_3342.h5,/Users/anykong/AAL_SD/data/Landslide4Sense/TrainData/mask/image_3342.h5
image_2500,/Users/anykong/AAL_SD/data/Landslide4Sense/TrainData/img/image_2500.h5,/Users/anykong/AAL_SD/data/Landslide4Sense/TrainData/mask/image_2500.h5
image_772,/Users/anykong/AAL_SD/data/Landslide4Sense/TrainData/img/image_772.h5,/Users/anykong/AAL_SD/data/Landslide4Sense/TrainData/mask/image_772.h5
image_2871,/Users/anykong/AAL_SD/data/Landslide4Sense/TrainData/img/image_2871.h5,/Users/anykong/AAL_SD/data/Landslide4Sense/TrainData/mask/image_2871.h5
image_3793,/Users/anykong/AAL_SD/data/Landslide4Sense/TrainData/img/image_3793.h5,/Users/anykong/AAL_SD/data/Landslide4Sense/TrainData/mask/image_3793.h5
image_2609,/Users/anykong/AAL_SD/data/Landslide4Sense/TrainData/img/image_2609.h5,/Users/anykong/AAL_SD/data/Landslide4Sense/TrainData/mask/image_2609.h5
image_2628,/Users/anykong/AAL_SD/data/Landslide4Sense/TrainData/img/image_2628.h5,/Users/anykong/AAL_SD/data/Landslide4Sense/TrainData/mask/image_2628.h5
image_2945,/Users/anykong/AAL_SD/data/Landslide4Sense/TrainData/img/image_2945.h5,/Users/anykong/AAL_SD/data/Landslide4Sense/TrainData/mask/image_2945.h5
image_2456,/Users/anykong/AAL_SD/data/Landslide4Sense/TrainData/img/image_2456.h5,/Users/anykong/AAL_SD/data/Landslide4Sense/TrainData/mask/image_2456.h5
image_8,/Users/anykong/AAL_SD/data/Landslide4Sense/TrainData/img/image_8.h5,/Users/anykong/AAL_SD/data/Landslide4Sense/TrainData/mask/image_8.h5
image_3431,/Users/anykong/AAL_SD/data/Landslide4Sense/TrainData/img/image_3431.h5,/Users/anykong/AAL_SD/data/Landslide4Sense/TrainData/mask/image_3431.h5
image_3411,/Users/anykong/AAL_SD/data/Landslide4Sense/TrainData/img/image_3411.h5,/Users/anykong/AAL_SD/data/Landslide4Sense/TrainData/mask/image_3411.h5
image_3797,/Users/anykong/AAL_SD/data/Landslide4Sense/TrainData/img/image_3797.h5,/Users/anykong/AAL_SD/data/Landslide4Sense/TrainData/mask/image_3797.h5
image_3030,/Users/anykong/AAL_SD/data/Landslide4Sense/TrainData/img/image_3030.h5,/Users/anykong/AAL_SD/data/Landslide4Sense/TrainData/mask/image_3030.h5
image_2911,/Users/anykong/AAL_SD/data/Landslide4Sense/TrainData/img/image_2911.h5,/Users/anykong/AAL_SD/data/Landslide4Sense/TrainData/mask/image_2911.h5
image_2582,/Users/anykong/AAL_SD/data/Landslide4Sense/TrainData/img/image_2582.h5,/Users/anykong/AAL_SD/data/Landslide4Sense/TrainData/mask/image_2582.h5
image_2468,/Users/anykong/AAL_SD/data/Landslide4Sense/TrainData/img/image_2468.h5,/Users/anykong/AAL_SD/data/Landslide4Sense/TrainData/mask/image_2468.h5
image_256,/Users/anykong/AAL_SD/data/Landslide4Sense/TrainData/img/image_256.h5,/Users/anykong/AAL_SD/data/Landslide4Sense/TrainData/mask/image_256.h5
image_2125,/Users/anykong/AAL_SD/data/Landslide4Sense/TrainData/img/image_2125.h5,/Users/anykong/AAL_SD/data/Landslide4Sense/TrainData/mask/image_2125.h5
image_2708,/Users/anykong/AAL_SD/data/Landslide4Sense/TrainData/img/image_2708.h5,/Users/anykong/AAL_SD/data/Landslide4Sense/TrainData/mask/image_2708.h5
image_3300,/Users/anykong/AAL_SD/data/Landslide4Sense/TrainData/img/image_3300.h5,/Users/anykong/AAL_SD/data/Landslide4Sense/TrainData/mask/image_3300.h5
image_1603,/Users/anykong/AAL_SD/data/Landslide4Sense/TrainData/img/image_1603.h5,/Users/anykong/AAL_SD/data/Landslide4Sense/TrainData/mask/image_1603.h5
image_335,/Users/anykong/AAL_SD/data/Landslide4Sense/TrainData/img/image_335.h5,/Users/anykong/AAL_SD/data/Landslide4Sense/TrainData/mask/image_335.h5
image_2084,/Users/anykong/AAL_SD/data/Landslide4Sense/TrainData/img/image_2084.h5,/Users/anykong/AAL_SD/data/Landslide4Sense/TrainData/mask/image_2084.h5
image_2711,/Users/anykong/AAL_SD/data/Landslide4Sense/TrainData/img/image_2711.h5,/Users/anykong/AAL_SD/data/Landslide4Sense/TrainData/mask/image_2711.h5
image_1479,/Users/anykong/AAL_SD/data/Landslide4Sense/TrainData/img/image_1479.h5,/Users/anykong/AAL_SD/data/Landslide4Sense/TrainData/mask/image_1479.h5
image_2749,/Users/anykong/AAL_SD/data/Landslide4Sense/TrainData/img/image_2749.h5,/Users/anykong/AAL_SD/data/Landslide4Sense/TrainData/mask/image_2749.h5
image_1886,/Users/anykong/AAL_SD/data/Landslide4Sense/TrainData/img/image_1886.h5,/Users/anykong/AAL_SD/data/Landslide4Sense/TrainData/mask/image_1886.h5
image_938,/Users/anykong/AAL_SD/data/Landslide4Sense/TrainData/img/image_938.h5,/Users/anykong/AAL_SD/data/Landslide4Sense/TrainData/mask/image_938.h5
image_700,/Users/anykong/AAL_SD/data/Landslide4Sense/TrainData/img/image_700.h5,/Users/anykong/AAL_SD/data/Landslide4Sense/TrainData/mask/image_700.h5
image_3442,/Users/anykong/AAL_SD/data/Landslide4Sense/TrainData/img/image_3442.h5,/Users/anykong/AAL_SD/data/Landslide4Sense/TrainData/mask/image_3442.h5
image_62,/Users/anykong/AAL_SD/data/Landslide4Sense/TrainData/img/image_62.h5,/Users/anykong/AAL_SD/data/Landslide4Sense/TrainData/mask/image_62.h5
image_693,/Users/anykong/AAL_SD/data/Landslide4Sense/TrainData/img/image_693.h5,/Users/anykong/AAL_SD/data/Landslide4Sense/TrainData/mask/image_693.h5
image_37,/Users/anykong/AAL_SD/data/Landslide4Sense/TrainData/img/image_37.h5,/Users/anykong/AAL_SD/data/Landslide4Sense/TrainData/mask/image_37.h5
image_776,/Users/anykong/AAL_SD/data/Landslide4Sense/TrainData/img/image_776.h5,/Users/anykong/AAL_SD/data/Landslide4Sense/TrainData/mask/image_776.h5
image_281,/Users/anykong/AAL_SD/data/Landslide4Sense/TrainData/img/image_281.h5,/Users/anykong/AAL_SD/data/Landslide4Sense/TrainData/mask/image_281.h5
image_3753,/Users/anykong/AAL_SD/data/Landslide4Sense/TrainData/img/image_3753.h5,/Users/anykong/AAL_SD/data/Landslide4Sense/TrainData/mask/image_3753.h5
image_2128,/Users/anykong/AAL_SD/data/Landslide4Sense/TrainData/img/image_2128.h5,/Users/anykong/AAL_SD/data/Landslide4Sense/TrainData/mask/image_2128.h5
image_1464,/Users/anykong/AAL_SD/data/Landslide4Sense/TrainData/img/image_1464.h5,/Users/anykong/AAL_SD/data/Landslide4Sense/TrainData/mask/image_1464.h5
image_3788,/Users/anykong/AAL_SD/data/Landslide4Sense/TrainData/img/image_3788.h5,/Users/anykong/AAL_SD/data/Landslide4Sense/TrainData/mask/image_3788.h5
image_3576,/Users/anykong/AAL_SD/data/Landslide4Sense/TrainData/img/image_3576.h5,/Users/anykong/AAL_SD/data/Landslide4Sense/TrainData/mask/image_3576.h5
image_3692,/Users/anykong/AAL_SD/data/Landslide4Sense/TrainData/img/image_3692.h5,/Users/anykong/AAL_SD/data/Landslide4Sense/TrainData/mask/image_3692.h5
image_907,/Users/anykong/AAL_SD/data/Landslide4Sense/TrainData/img/image_907.h5,/Users/anykong/AAL_SD/data/Landslide4Sense/TrainData/mask/image_907.h5
image_3696,/Users/anykong/AAL_SD/data/Landslide4Sense/TrainData/img/image_3696.h5,/Users/anykong/AAL_SD/data/Landslide4Sense/TrainData/mask/image_3696.h5
image_3784,/Users/anykong/AAL_SD/data/Landslide4Sense/TrainData/img/image_3784.h5,/Users/anykong/AAL_SD/data/Landslide4Sense/TrainData/mask/image_3784.h5
image_2248,/Users/anykong/AAL_SD/data/Landslide4Sense/TrainData/img/image_2248.h5,/Users/anykong/AAL_SD/data/Landslide4Sense/TrainData/mask/image_2248.h5
image_3466,/Users/anykong/AAL_SD/data/Landslide4Sense/TrainData/img/image_3466.h5,/Users/anykong/AAL_SD/data/Landslide4Sense/TrainData/mask/image_3466.h5
image_736,/Users/anykong/AAL_SD/data/Landslide4Sense/TrainData/img/image_736.h5,/Users/anykong/AAL_SD/data/Landslide4Sense/TrainData/mask/image_736.h5
image_695,/Users/anykong/AAL_SD/data/Landslide4Sense/TrainData/img/image_695.h5,/Users/anykong/AAL_SD/data/Landslide4Sense/TrainData/mask/image_695.h5
image_170,/Users/anykong/AAL_SD/data/Landslide4Sense/TrainData/img/image_170.h5,/Users/anykong/AAL_SD/data/Landslide4Sense/TrainData/mask/image_170.h5
image_2525,/Users/anykong/AAL_SD/data/Landslide4Sense/TrainData/img/image_2525.h5,/Users/anykong/AAL_SD/data/Landslide4Sense/TrainData/mask/image_2525.h5
image_1103,/Users/anykong/AAL_SD/data/Landslide4Sense/TrainData/img/image_1103.h5,/Users/anykong/AAL_SD/data/Landslide4Sense/TrainData/mask/image_1103.h5
image_1929,/Users/anykong/AAL_SD/data/Landslide4Sense/TrainData/img/image_1929.h5,/Users/anykong/AAL_SD/data/Landslide4Sense/TrainData/mask/image_1929.h5
image_807,/Users/anykong/AAL_SD/data/Landslide4Sense/TrainData/img/image_807.h5,/Users/anykong/AAL_SD/data/Landslide4Sense/TrainData/mask/image_807.h5
image_2246,/Users/anykong/AAL_SD/data/Landslide4Sense/TrainData/img/image_2246.h5,/Users/anykong/AAL_SD/data/Landslide4Sense/TrainData/mask/image_2246.h5
image_2787,/Users/anykong/AAL_SD/data/Landslide4Sense/TrainData/img/image_2787.h5,/Users/anykong/AAL_SD/data/Landslide4Sense/TrainData/mask/image_2787.h5
image_2158,/Users/anykong/AAL_SD/data/Landslide4Sense/TrainData/img/image_2158.h5,/Users/anykong/AAL_SD/data/Landslide4Sense/TrainData/mask/image_2158.h5
image_1380,/Users/anykong/AAL_SD/data/Landslide4Sense/TrainData/img/image_1380.h5,/Users/anykong/AAL_SD/data/Landslide4Sense/TrainData/mask/image_1380.h5
image_2040,/Users/anykong/AAL_SD/data/Landslide4Sense/TrainData/img/image_2040.h5,/Users/anykong/AAL_SD/data/Landslide4Sense/TrainData/mask/image_2040.h5
image_117,/Users/anykong/AAL_SD/data/Landslide4Sense/TrainData/img/image_117.h5,/Users/anykong/AAL_SD/data/Landslide4Sense/TrainData/mask/image_117.h5
image_1978,/Users/anykong/AAL_SD/data/Landslide4Sense/TrainData/img/image_1978.h5,/Users/anykong/AAL_SD/data/Landslide4Sense/TrainData/mask/image_1978.h5
image_2251,/Users/anykong/AAL_SD/data/Landslide4Sense/TrainData/img/image_2251.h5,/Users/anykong/AAL_SD/data/Landslide4Sense/TrainData/mask/image_2251.h5
image_2123,/Users/anykong/AAL_SD/data/Landslide4Sense/TrainData/img/image_2123.h5,/Users/anykong/AAL_SD/data/Landslide4Sense/TrainData/mask/image_2123.h5
image_2362,/Users/anykong/AAL_SD/data/Landslide4Sense/TrainData/img/image_2362.h5,/Users/anykong/AAL_SD/data/Landslide4Sense/TrainData/mask/image_2362.h5
image_2370,/Users/anykong/AAL_SD/data/Landslide4Sense/TrainData/img/image_2370.h5,/Users/anykong/AAL_SD/data/Landslide4Sense/TrainData/mask/image_2370.h5
image_299,/Users/anykong/AAL_SD/data/Landslide4Sense/TrainData/img/image_299.h5,/Users/anykong/AAL_SD/data/Landslide4Sense/TrainData/mask/image_299.h5
image_2833,/Users/anykong/AAL_SD/data/Landslide4Sense/TrainData/img/image_2833.h5,/Users/anykong/AAL_SD/data/Landslide4Sense/TrainData/mask/image_2833.h5
image_25,/Users/anykong/AAL_SD/data/Landslide4Sense/TrainData/img/image_25.h5,/Users/anykong/AAL_SD/data/Landslide4Sense/TrainData/mask/image_25.h5
image_173,/Users/anykong/AAL_SD/data/Landslide4Sense/TrainData/img/image_173.h5,/Users/anykong/AAL_SD/data/Landslide4Sense/TrainData/mask/image_173.h5
image_2577,/Users/anykong/AAL_SD/data/Landslide4Sense/TrainData/img/image_2577.h5,/Users/anykong/AAL_SD/data/Landslide4Sense/TrainData/mask/image_2577.h5
image_2981,/Users/anykong/AAL_SD/data/Landslide4Sense/TrainData/img/image_2981.h5,/Users/anykong/AAL_SD/data/Landslide4Sense/TrainData/mask/image_2981.h5
image_3539,/Users/anykong/AAL_SD/data/Landslide4Sense/TrainData/img/image_3539.h5,/Users/anykong/AAL_SD/data/Landslide4Sense/TrainData/mask/image_3539.h5
image_1014,/Users/anykong/AAL_SD/data/Landslide4Sense/TrainData/img/image_1014.h5,/Users/anykong/AAL_SD/data/Landslide4Sense/TrainData/mask/image_1014.h5
image_2866,/Users/anykong/AAL_SD/data/Landslide4Sense/TrainData/img/image_2866.h5,/Users/anykong/AAL_SD/data/Landslide4Sense/TrainData/mask/image_2866.h5
image_2085,/Users/anykong/AAL_SD/data/Landslide4Sense/TrainData/img/image_2085.h5,/Users/anykong/AAL_SD/data/Landslide4Sense/TrainData/mask/image_2085.h5
image_1625,/Users/anykong/AAL_SD/data/Landslide4Sense/TrainData/img/image_1625.h5,/Users/anykong/AAL_SD/data/Landslide4Sense/TrainData/mask/image_1625.h5
image_707,/Users/anykong/AAL_SD/data/Landslide4Sense/TrainData/img/image_707.h5,/Users/anykong/AAL_SD/data/Landslide4Sense/TrainData/mask/image_707.h5
image_1031,/Users/anykong/AAL_SD/data/Landslide4Sense/TrainData/img/image_1031.h5,/Users/anykong/AAL_SD/data/Landslide4Sense/TrainData/mask/image_1031.h5
image_813,/Users/anykong/AAL_SD/data/Landslide4Sense/TrainData/img/image_813.h5,/Users/anykong/AAL_SD/data/Landslide4Sense/TrainData/mask/image_813.h5
image_1801,/Users/anykong/AAL_SD/data/Landslide4Sense/TrainData/img/image_1801.h5,/Users/anykong/AAL_SD/data/Landslide4Sense/TrainData/mask/image_1801.h5
image_552,/Users/anykong/AAL_SD/data/Landslide4Sense/TrainData/img/image_552.h5,/Users/anykong/AAL_SD/data/Landslide4Sense/TrainData/mask/image_552.h5
image_211,/Users/anykong/AAL_SD/data/Landslide4Sense/TrainData/img/image_211.h5,/Users/anykong/AAL_SD/data/Landslide4Sense/TrainData/mask/image_211.h5
image_2253,/Users/anykong/AAL_SD/data/Landslide4Sense/TrainData/img/image_2253.h5,/Users/anykong/AAL_SD/data/Landslide4Sense/TrainData/mask/image_2253.h5
image_970,/Users/anykong/AAL_SD/data/Landslide4Sense/TrainData/img/image_970.h5,/Users/anykong/AAL_SD/data/Landslide4Sense/TrainData/mask/image_970.h5
image_1032,/Users/anykong/AAL_SD/data/Landslide4Sense/TrainData/img/image_1032.h5,/Users/anykong/AAL_SD/data/Landslide4Sense/TrainData/mask/image_1032.h5
image_247,/Users/anykong/AAL_SD/data/Landslide4Sense/TrainData/img/image_247.h5,/Users/anykong/AAL_SD/data/Landslide4Sense/TrainData/mask/image_247.h5
image_1254,/Users/anykong/AAL_SD/data/Landslide4Sense/TrainData/img/image_1254.h5,/Users/anykong/AAL_SD/data/Landslide4Sense/TrainData/mask/image_1254.h5
image_2756,/Users/anykong/AAL_SD/data/Landslide4Sense/TrainData/img/image_2756.h5,/Users/anykong/AAL_SD/data/Landslide4Sense/TrainData/mask/image_2756.h5
image_3404,/Users/anykong/AAL_SD/data/Landslide4Sense/TrainData/img/image_3404.h5,/Users/anykong/AAL_SD/data/Landslide4Sense/TrainData/mask/image_3404.h5
image_2607,/Users/anykong/AAL_SD/data/Landslide4Sense/TrainData/img/image_2607.h5,/Users/anykong/AAL_SD/data/Landslide4Sense/TrainData/mask/image_2607.h5
image_2532,/Users/anykong/AAL_SD/data/Landslide4Sense/TrainData/img/image_2532.h5,/Users/anykong/AAL_SD/data/Landslide4Sense/TrainData/mask/image_2532.h5
image_2513,/Users/anykong/AAL_SD/data/Landslide4Sense/TrainData/img/image_2513.h5,/Users/anykong/AAL_SD/data/Landslide4Sense/TrainData/mask/image_2513.h5
image_2878,/Users/anykong/AAL_SD/data/Landslide4Sense/TrainData/img/image_2878.h5,/Users/anykong/AAL_SD/data/Landslide4Sense/TrainData/mask/image_2878.h5
image_115,/Users/anykong/AAL_SD/data/Landslide4Sense/TrainData/img/image_115.h5,/Users/anykong/AAL_SD/data/Landslide4Sense/TrainData/mask/image_115.h5
image_1565,/Users/anykong/AAL_SD/data/Landslide4Sense/TrainData/img/image_1565.h5,/Users/anykong/AAL_SD/data/Landslide4Sense/TrainData/mask/image_1565.h5
image_3354,/Users/anykong/AAL_SD/data/Landslide4Sense/TrainData/img/image_3354.h5,/Users/anykong/AAL_SD/data/Landslide4Sense/TrainData/mask/image_3354.h5
image_3322,/Users/anykong/AAL_SD/data/Landslide4Sense/TrainData/img/image_3322.h5,/Users/anykong/AAL_SD/data/Landslide4Sense/TrainData/mask/image_3322.h5
image_1802,/Users/anykong/AAL_SD/data/Landslide4Sense/TrainData/img/image_1802.h5,/Users/anykong/AAL_SD/data/Landslide4Sense/TrainData/mask/image_1802.h5
image_3684,/Users/anykong/AAL_SD/data/Landslide4Sense/TrainData/img/image_3684.h5,/Users/anykong/AAL_SD/data/Landslide4Sense/TrainData/mask/image_3684.h5
image_2181,/Users/anykong/AAL_SD/data/Landslide4Sense/TrainData/img/image_2181.h5,/Users/anykong/AAL_SD/data/Landslide4Sense/TrainData/mask/image_2181.h5
image_2180,/Users/anykong/AAL_SD/data/Landslide4Sense/TrainData/img/image_2180.h5,/Users/anykong/AAL_SD/data/Landslide4Sense/TrainData/mask/image_2180.h5
image_2782,/Users/anykong/AAL_SD/data/Landslide4Sense/TrainData/img/image_2782.h5,/Users/anykong/AAL_SD/data/Landslide4Sense/TrainData/mask/image_2782.h5
image_2841,/Users/anykong/AAL_SD/data/Landslide4Sense/TrainData/img/image_2841.h5,/Users/anykong/AAL_SD/data/Landslide4Sense/TrainData/mask/image_2841.h5
image_90,/Users/anykong/AAL_SD/data/Landslide4Sense/TrainData/img/image_90.h5,/Users/anykong/AAL_SD/data/Landslide4Sense/TrainData/mask/image_90.h5
image_3561,/Users/anykong/AAL_SD/data/Landslide4Sense/TrainData/img/image_3561.h5,/Users/anykong/AAL_SD/data/Landslide4Sense/TrainData/mask/image_3561.h5
image_408,/Users/anykong/AAL_SD/data/Landslide4Sense/TrainData/img/image_408.h5,/Users/anykong/AAL_SD/data/Landslide4Sense/TrainData/mask/image_408.h5
image_1551,/Users/anykong/AAL_SD/data/Landslide4Sense/TrainData/img/image_1551.h5,/Users/anykong/AAL_SD/data/Landslide4Sense/TrainData/mask/image_1551.h5
image_2771,/Users/anykong/AAL_SD/data/Landslide4Sense/TrainData/img/image_2771.h5,/Users/anykong/AAL_SD/data/Landslide4Sense/TrainData/mask/image_2771.h5
image_1595,/Users/anykong/AAL_SD/data/Landslide4Sense/TrainData/img/image_1595.h5,/Users/anykong/AAL_SD/data/Landslide4Sense/TrainData/mask/image_1595.h5
image_859,/Users/anykong/AAL_SD/data/Landslide4Sense/TrainData/img/image_859.h5,/Users/anykong/AAL_SD/data/Landslide4Sense/TrainData/mask/image_859.h5
image_2415,/Users/anykong/AAL_SD/data/Landslide4Sense/TrainData/img/image_2415.h5,/Users/anykong/AAL_SD/data/Landslide4Sense/TrainData/mask/image_2415.h5
image_1276,/Users/anykong/AAL_SD/data/Landslide4Sense/TrainData/img/image_1276.h5,/Users/anykong/AAL_SD/data/Landslide4Sense/TrainData/mask/image_1276.h5
image_2081,/Users/anykong/AAL_SD/data/Landslide4Sense/TrainData/img/image_2081.h5,/Users/anykong/AAL_SD/data/Landslide4Sense/TrainData/mask/image_2081.h5
image_3609,/Users/anykong/AAL_SD/data/Landslide4Sense/TrainData/img/image_3609.h5,/Users/anykong/AAL_SD/data/Landslide4Sense/TrainData/mask/image_3609.h5
image_2977,/Users/anykong/AAL_SD/data/Landslide4Sense/TrainData/img/image_2977.h5,/Users/anykong/AAL_SD/data/Landslide4Sense/TrainData/mask/image_2977.h5
image_2444,/Users/anykong/AAL_SD/data/Landslide4Sense/TrainData/img/image_2444.h5,/Users/anykong/AAL_SD/data/Landslide4Sense/TrainData/mask/image_2444.h5
image_1030,/Users/anykong/AAL_SD/data/Landslide4Sense/TrainData/img/image_1030.h5,/Users/anykong/AAL_SD/data/Landslide4Sense/TrainData/mask/image_1030.h5
image_372,/Users/anykong/AAL_SD/data/Landslide4Sense/TrainData/img/image_372.h5,/Users/anykong/AAL_SD/data/Landslide4Sense/TrainData/mask/image_372.h5
image_2651,/Users/anykong/AAL_SD/data/Landslide4Sense/TrainData/img/image_2651.h5,/Users/anykong/AAL_SD/data/Landslide4Sense/TrainData/mask/image_2651.h5
image_2335,/Users/anykong/AAL_SD/data/Landslide4Sense/TrainData/img/image_2335.h5,/Users/anykong/AAL_SD/data/Landslide4Sense/TrainData/mask/image_2335.h5
image_2538,/Users/anykong/AAL_SD/data/Landslide4Sense/TrainData/img/image_2538.h5,/Users/anykong/AAL_SD/data/Landslide4Sense/TrainData/mask/image_2538.h5
image_2011,/Users/anykong/AAL_SD/data/Landslide4Sense/TrainData/img/image_2011.h5,/Users/anykong/AAL_SD/data/Landslide4Sense/TrainData/mask/image_2011.h5
image_22,/Users/anykong/AAL_SD/data/Landslide4Sense/TrainData/img/image_22.h5,/Users/anykong/AAL_SD/data/Landslide4Sense/TrainData/mask/image_22.h5
image_2201,/Users/anykong/AAL_SD/data/Landslide4Sense/TrainData/img/image_2201.h5,/Users/anykong/AAL_SD/data/Landslide4Sense/TrainData/mask/image_2201.h5
image_1190,/Users/anykong/AAL_SD/data/Landslide4Sense/TrainData/img/image_1190.h5,/Users/anykong/AAL_SD/data/Landslide4Sense/TrainData/mask/image_1190.h5
image_179,/Users/anykong/AAL_SD/data/Landslide4Sense/TrainData/img/image_179.h5,/Users/anykong/AAL_SD/data/Landslide4Sense/TrainData/mask/image_179.h5
image_1187,/Users/anykong/AAL_SD/data/Landslide4Sense/TrainData/img/image_1187.h5,/Users/anykong/AAL_SD/data/Landslide4Sense/TrainData/mask/image_1187.h5
image_3607,/Users/anykong/AAL_SD/data/Landslide4Sense/TrainData/img/image_3607.h5,/Users/anykong/AAL_SD/data/Landslide4Sense/TrainData/mask/image_3607.h5
image_2304,/Users/anykong/AAL_SD/data/Landslide4Sense/TrainData/img/image_2304.h5,/Users/anykong/AAL_SD/data/Landslide4Sense/TrainData/mask/image_2304.h5
image_2480,/Users/anykong/AAL_SD/data/Landslide4Sense/TrainData/img/image_2480.h5,/Users/anykong/AAL_SD/data/Landslide4Sense/TrainData/mask/image_2480.h5
image_3589,/Users/anykong/AAL_SD/data/Landslide4Sense/TrainData/img/image_3589.h5,/Users/anykong/AAL_SD/data/Landslide4Sense/TrainData/mask/image_3589.h5
image_1724,/Users/anykong/AAL_SD/data/Landslide4Sense/TrainData/img/image_1724.h5,/Users/anykong/AAL_SD/data/Landslide4Sense/TrainData/mask/image_1724.h5
image_1588,/Users/anykong/AAL_SD/data/Landslide4Sense/TrainData/img/image_1588.h5,/Users/anykong/AAL_SD/data/Landslide4Sense/TrainData/mask/image_1588.h5
image_83,/Users/anykong/AAL_SD/data/Landslide4Sense/TrainData/img/image_83.h5,/Users/anykong/AAL_SD/data/Landslide4Sense/TrainData/mask/image_83.h5
image_2256,/Users/anykong/AAL_SD/data/Landslide4Sense/TrainData/img/image_2256.h5,/Users/anykong/AAL_SD/data/Landslide4Sense/TrainData/mask/image_2256.h5
image_2579,/Users/anykong/AAL_SD/data/Landslide4Sense/TrainData/img/image_2579.h5,/Users/anykong/AAL_SD/data/Landslide4Sense/TrainData/mask/image_2579.h5
image_1563,/Users/anykong/AAL_SD/data/Landslide4Sense/TrainData/img/image_1563.h5,/Users/anykong/AAL_SD/data/Landslide4Sense/TrainData/mask/image_1563.h5
image_2212,/Users/anykong/AAL_SD/data/Landslide4Sense/TrainData/img/image_2212.h5,/Users/anykong/AAL_SD/data/Landslide4Sense/TrainData/mask/image_2212.h5
image_1626,/Users/anykong/AAL_SD/data/Landslide4Sense/TrainData/img/image_1626.h5,/Users/anykong/AAL_SD/data/Landslide4Sense/TrainData/mask/image_1626.h5
image_1293,/Users/anykong/AAL_SD/data/Landslide4Sense/TrainData/img/image_1293.h5,/Users/anykong/AAL_SD/data/Landslide4Sense/TrainData/mask/image_1293.h5
image_670,/Users/anykong/AAL_SD/data/Landslide4Sense/TrainData/img/image_670.h5,/Users/anykong/AAL_SD/data/Landslide4Sense/TrainData/mask/image_670.h5
image_1646,/Users/anykong/AAL_SD/data/Landslide4Sense/TrainData/img/image_1646.h5,/Users/anykong/AAL_SD/data/Landslide4Sense/TrainData/mask/image_1646.h5
image_2610,/Users/anykong/AAL_SD/data/Landslide4Sense/TrainData/img/image_2610.h5,/Users/anykong/AAL_SD/data/Landslide4Sense/TrainData/mask/image_2610.h5
image_467,/Users/anykong/AAL_SD/data/Landslide4Sense/TrainData/img/image_467.h5,/Users/anykong/AAL_SD/data/Landslide4Sense/TrainData/mask/image_467.h5
image_2988,/Users/anykong/AAL_SD/data/Landslide4Sense/TrainData/img/image_2988.h5,/Users/anykong/AAL_SD/data/Landslide4Sense/TrainData/mask/image_2988.h5
image_3250,/Users/anykong/AAL_SD/data/Landslide4Sense/TrainData/img/image_3250.h5,/Users/anykong/AAL_SD/data/Landslide4Sense/TrainData/mask/image_3250.h5
image_678,/Users/anykong/AAL_SD/data/Landslide4Sense/TrainData/img/image_678.h5,/Users/anykong/AAL_SD/data/Landslide4Sense/TrainData/mask/image_678.h5
image_2632,/Users/anykong/AAL_SD/data/Landslide4Sense/TrainData/img/image_2632.h5,/Users/anykong/AAL_SD/data/Landslide4Sense/TrainData/mask/image_2632.h5
image_3616,/Users/anykong/AAL_SD/data/Landslide4Sense/TrainData/img/image_3616.h5,/Users/anykong/AAL_SD/data/Landslide4Sense/TrainData/mask/image_3616.h5
image_215,/Users/anykong/AAL_SD/data/Landslide4Sense/TrainData/img/image_215.h5,/Users/anykong/AAL_SD/data/Landslide4Sense/TrainData/mask/image_215.h5
image_3735,/Users/anykong/AAL_SD/data/Landslide4Sense/TrainData/img/image_3735.h5,/Users/anykong/AAL_SD/data/Landslide4Sense/TrainData/mask/image_3735.h5
image_754,/Users/anykong/AAL_SD/data/Landslide4Sense/TrainData/img/image_754.h5,/Users/anykong/AAL_SD/data/Landslide4Sense/TrainData/mask/image_754.h5
image_3046,/Users/anykong/AAL_SD/data/Landslide4Sense/TrainData/img/image_3046.h5,/Users/anykong/AAL_SD/data/Landslide4Sense/TrainData/mask/image_3046.h5
image_1136,/Users/anykong/AAL_SD/data/Landslide4Sense/TrainData/img/image_1136.h5,/Users/anykong/AAL_SD/data/Landslide4Sense/TrainData/mask/image_1136.h5
image_2340,/Users/anykong/AAL_SD/data/Landslide4Sense/TrainData/img/image_2340.h5,/Users/anykong/AAL_SD/data/Landslide4Sense/TrainData/mask/image_2340.h5
image_677,/Users/anykong/AAL_SD/data/Landslide4Sense/TrainData/img/image_677.h5,/Users/anykong/AAL_SD/data/Landslide4Sense/TrainData/mask/image_677.h5
image_312,/Users/anykong/AAL_SD/data/Landslide4Sense/TrainData/img/image_312.h5,/Users/anykong/AAL_SD/data/Landslide4Sense/TrainData/mask/image_312.h5
image_252,/Users/anykong/AAL_SD/data/Landslide4Sense/TrainData/img/image_252.h5,/Users/anykong/AAL_SD/data/Landslide4Sense/TrainData/mask/image_252.h5
image_2542,/Users/anykong/AAL_SD/data/Landslide4Sense/TrainData/img/image_2542.h5,/Users/anykong/AAL_SD/data/Landslide4Sense/TrainData/mask/image_2542.h5
image_778,/Users/anykong/AAL_SD/data/Landslide4Sense/TrainData/img/image_778.h5,/Users/anykong/AAL_SD/data/Landslide4Sense/TrainData/mask/image_778.h5
image_1843,/Users/anykong/AAL_SD/data/Landslide4Sense/TrainData/img/image_1843.h5,/Users/anykong/AAL_SD/data/Landslide4Sense/TrainData/mask/image_1843.h5
image_207,/Users/anykong/AAL_SD/data/Landslide4Sense/TrainData/img/image_207.h5,/Users/anykong/AAL_SD/data/Landslide4Sense/TrainData/mask/image_207.h5
image_3337,/Users/anykong/AAL_SD/data/Landslide4Sense/TrainData/img/image_3337.h5,/Users/anykong/AAL_SD/data/Landslide4Sense/TrainData/mask/image_3337.h5
image_3390,/Users/anykong/AAL_SD/data/Landslide4Sense/TrainData/img/image_3390.h5,/Users/anykong/AAL_SD/data/Landslide4Sense/TrainData/mask/image_3390.h5
image_1604,/Users/anykong/AAL_SD/data/Landslide4Sense/TrainData/img/image_1604.h5,/Users/anykong/AAL_SD/data/Landslide4Sense/TrainData/mask/image_1604.h5
image_3238,/Users/anykong/AAL_SD/data/Landslide4Sense/TrainData/img/image_3238.h5,/Users/anykong/AAL_SD/data/Landslide4Sense/TrainData/mask/image_3238.h5
image_2671,/Users/anykong/AAL_SD/data/Landslide4Sense/TrainData/img/image_2671.h5,/Users/anykong/AAL_SD/data/Landslide4Sense/TrainData/mask/image_2671.h5
image_2289,/Users/anykong/AAL_SD/data/Landslide4Sense/TrainData/img/image_2289.h5,/Users/anykong/AAL_SD/data/Landslide4Sense/TrainData/mask/image_2289.h5
image_565,/Users/anykong/AAL_SD/data/Landslide4Sense/TrainData/img/image_565.h5,/Users/anykong/AAL_SD/data/Landslide4Sense/TrainData/mask/image_565.h5
image_1345,/Users/anykong/AAL_SD/data/Landslide4Sense/TrainData/img/image_1345.h5,/Users/anykong/AAL_SD/data/Landslide4Sense/TrainData/mask/image_1345.h5
image_2570,/Users/anykong/AAL_SD/data/Landslide4Sense/TrainData/img/image_2570.h5,/Users/anykong/AAL_SD/data/Landslide4Sense/TrainData/mask/image_2570.h5
image_2077,/Users/anykong/AAL_SD/data/Landslide4Sense/TrainData/img/image_2077.h5,/Users/anykong/AAL_SD/data/Landslide4Sense/TrainData/mask/image_2077.h5
image_242,/Users/anykong/AAL_SD/data/Landslide4Sense/TrainData/img/image_242.h5,/Users/anykong/AAL_SD/data/Landslide4Sense/TrainData/mask/image_242.h5
image_253,/Users/anykong/AAL_SD/data/Landslide4Sense/TrainData/img/image_253.h5,/Users/anykong/AAL_SD/data/Landslide4Sense/TrainData/mask/image_253.h5
image_1615,/Users/anykong/AAL_SD/data/Landslide4Sense/TrainData/img/image_1615.h5,/Users/anykong/AAL_SD/data/Landslide4Sense/TrainData/mask/image_1615.h5
image_2075,/Users/anykong/AAL_SD/data/Landslide4Sense/TrainData/img/image_2075.h5,/Users/anykong/AAL_SD/data/Landslide4Sense/TrainData/mask/image_2075.h5
image_1308,/Users/anykong/AAL_SD/data/Landslide4Sense/TrainData/img/image_1308.h5,/Users/anykong/AAL_SD/data/Landslide4Sense/TrainData/mask/image_1308.h5
image_2126,/Users/anykong/AAL_SD/data/Landslide4Sense/TrainData/img/image_2126.h5,/Users/anykong/AAL_SD/data/Landslide4Sense/TrainData/mask/image_2126.h5
image_952,/Users/anykong/AAL_SD/data/Landslide4Sense/TrainData/img/image_952.h5,/Users/anykong/AAL_SD/data/Landslide4Sense/TrainData/mask/image_952.h5
image_2240,/Users/anykong/AAL_SD/data/Landslide4Sense/TrainData/img/image_2240.h5,/Users/anykong/AAL_SD/data/Landslide4Sense/TrainData/mask/image_2240.h5
image_2713,/Users/anykong/AAL_SD/data/Landslide4Sense/TrainData/img/image_2713.h5,/Users/anykong/AAL_SD/data/Landslide4Sense/TrainData/mask/image_2713.h5
image_3672,/Users/anykong/AAL_SD/data/Landslide4Sense/TrainData/img/image_3672.h5,/Users/anykong/AAL_SD/data/Landslide4Sense/TrainData/mask/image_3672.h5
image_2006,/Users/anykong/AAL_SD/data/Landslide4Sense/TrainData/img/image_2006.h5,/Users/anykong/AAL_SD/data/Landslide4Sense/TrainData/mask/image_2006.h5
image_1180,/Users/anykong/AAL_SD/data/Landslide4Sense/TrainData/img/image_1180.h5,/Users/anykong/AAL_SD/data/Landslide4Sense/TrainData/mask/image_1180.h5
image_1772,/Users/anykong/AAL_SD/data/Landslide4Sense/TrainData/img/image_1772.h5,/Users/anykong/AAL_SD/data/Landslide4Sense/TrainData/mask/image_1772.h5
image_3567,/Users/anykong/AAL_SD/data/Landslide4Sense/TrainData/img/image_3567.h5,/Users/anykong/AAL_SD/data/Landslide4Sense/TrainData/mask/image_3567.h5
image_1041,/Users/anykong/AAL_SD/data/Landslide4Sense/TrainData/img/image_1041.h5,/Users/anykong/AAL_SD/data/Landslide4Sense/TrainData/mask/image_1041.h5
image_3278,/Users/anykong/AAL_SD/data/Landslide4Sense/TrainData/img/image_3278.h5,/Users/anykong/AAL_SD/data/Landslide4Sense/TrainData/mask/image_3278.h5
image_900,/Users/anykong/AAL_SD/data/Landslide4Sense/TrainData/img/image_900.h5,/Users/anykong/AAL_SD/data/Landslide4Sense/TrainData/mask/image_900.h5
image_511,/Users/anykong/AAL_SD/data/Landslide4Sense/TrainData/img/image_511.h5,/Users/anykong/AAL_SD/data/Landslide4Sense/TrainData/mask/image_511.h5
image_470,/Users/anykong/AAL_SD/data/Landslide4Sense/TrainData/img/image_470.h5,/Users/anykong/AAL_SD/data/Landslide4Sense/TrainData/mask/image_470.h5
image_1855,/Users/anykong/AAL_SD/data/Landslide4Sense/TrainData/img/image_1855.h5,/Users/anykong/AAL_SD/data/Landslide4Sense/TrainData/mask/image_1855.h5
image_1877,/Users/anykong/AAL_SD/data/Landslide4Sense/TrainData/img/image_1877.h5,/Users/anykong/AAL_SD/data/Landslide4Sense/TrainData/mask/image_1877.h5
image_2777,/Users/anykong/AAL_SD/data/Landslide4Sense/TrainData/img/image_2777.h5,/Users/anykong/AAL_SD/data/Landslide4Sense/TrainData/mask/image_2777.h5
image_584,/Users/anykong/AAL_SD/data/Landslide4Sense/TrainData/img/image_584.h5,/Users/anykong/AAL_SD/data/Landslide4Sense/TrainData/mask/image_584.h5
image_1726,/Users/anykong/AAL_SD/data/Landslide4Sense/TrainData/img/image_1726.h5,/Users/anykong/AAL_SD/data/Landslide4Sense/TrainData/mask/image_1726.h5
image_703,/Users/anykong/AAL_SD/data/Landslide4Sense/TrainData/img/image_703.h5,/Users/anykong/AAL_SD/data/Landslide4Sense/TrainData/mask/image_703.h5
image_1134,/Users/anykong/AAL_SD/data/Landslide4Sense/TrainData/img/image_1134.h5,/Users/anykong/AAL_SD/data/Landslide4Sense/TrainData/mask/image_1134.h5
image_3249,/Users/anykong/AAL_SD/data/Landslide4Sense/TrainData/img/image_3249.h5,/Users/anykong/AAL_SD/data/Landslide4Sense/TrainData/mask/image_3249.h5
image_2139,/Users/anykong/AAL_SD/data/Landslide4Sense/TrainData/img/image_2139.h5,/Users/anykong/AAL_SD/data/Landslide4Sense/TrainData/mask/image_2139.h5
image_868,/Users/anykong/AAL_SD/data/Landslide4Sense/TrainData/img/image_868.h5,/Users/anykong/AAL_SD/data/Landslide4Sense/TrainData/mask/image_868.h5
image_822,/Users/anykong/AAL_SD/data/Landslide4Sense/TrainData/img/image_822.h5,/Users/anykong/AAL_SD/data/Landslide4Sense/TrainData/mask/image_822.h5
image_3664,/Users/anykong/AAL_SD/data/Landslide4Sense/TrainData/img/image_3664.h5,/Users/anykong/AAL_SD/data/Landslide4Sense/TrainData/mask/image_3664.h5
image_2073,/Users/anykong/AAL_SD/data/Landslide4Sense/TrainData/img/image_2073.h5,/Users/anykong/AAL_SD/data/Landslide4Sense/TrainData/mask/image_2073.h5
image_156,/Users/anykong/AAL_SD/data/Landslide4Sense/TrainData/img/image_156.h5,/Users/anykong/AAL_SD/data/Landslide4Sense/TrainData/mask/image_156.h5
image_2287,/Users/anykong/AAL_SD/data/Landslide4Sense/TrainData/img/image_2287.h5,/Users/anykong/AAL_SD/data/Landslide4Sense/TrainData/mask/image_2287.h5
image_2184,/Users/anykong/AAL_SD/data/Landslide4Sense/TrainData/img/image_2184.h5,/Users/anykong/AAL_SD/data/Landslide4Sense/TrainData/mask/image_2184.h5
image_1478,/Users/anykong/AAL_SD/data/Landslide4Sense/TrainData/img/image_1478.h5,/Users/anykong/AAL_SD/data/Landslide4Sense/TrainData/mask/image_1478.h5
image_3224,/Users/anykong/AAL_SD/data/Landslide4Sense/TrainData/img/image_3224.h5,/Users/anykong/AAL_SD/data/Landslide4Sense/TrainData/mask/image_3224.h5
image_747,/Users/anykong/AAL_SD/data/Landslide4Sense/TrainData/img/image_747.h5,/Users/anykong/AAL_SD/data/Landslide4Sense/TrainData/mask/image_747.h5
image_3661,/Users/anykong/AAL_SD/data/Landslide4Sense/TrainData/img/image_3661.h5,/Users/anykong/AAL_SD/data/Landslide4Sense/TrainData/mask/image_3661.h5
image_1649,/Users/anykong/AAL_SD/data/Landslide4Sense/TrainData/img/image_1649.h5,/Users/anykong/AAL_SD/data/Landslide4Sense/TrainData/mask/image_1649.h5
image_2380,/Users/anykong/AAL_SD/data/Landslide4Sense/TrainData/img/image_2380.h5,/Users/anykong/AAL_SD/data/Landslide4Sense/TrainData/mask/image_2380.h5
image_3720,/Users/anykong/AAL_SD/data/Landslide4Sense/TrainData/img/image_3720.h5,/Users/anykong/AAL_SD/data/Landslide4Sense/TrainData/mask/image_3720.h5
image_3468,/Users/anykong/AAL_SD/data/Landslide4Sense/TrainData/img/image_3468.h5,/Users/anykong/AAL_SD/data/Landslide4Sense/TrainData/mask/image_3468.h5
image_966,/Users/anykong/AAL_SD/data/Landslide4Sense/TrainData/img/image_966.h5,/Users/anykong/AAL_SD/data/Landslide4Sense/TrainData/mask/image_966.h5
image_287,/Users/anykong/AAL_SD/data/Landslide4Sense/TrainData/img/image_287.h5,/Users/anykong/AAL_SD/data/Landslide4Sense/TrainData/mask/image_287.h5
image_430,/Users/anykong/AAL_SD/data/Landslide4Sense/TrainData/img/image_430.h5,/Users/anykong/AAL_SD/data/Landslide4Sense/TrainData/mask/image_430.h5
image_2906,/Users/anykong/AAL_SD/data/Landslide4Sense/TrainData/img/image_2906.h5,/Users/anykong/AAL_SD/data/Landslide4Sense/TrainData/mask/image_2906.h5
image_3276,/Users/anykong/AAL_SD/data/Landslide4Sense/TrainData/img/image_3276.h5,/Users/anykong/AAL_SD/data/Landslide4Sense/TrainData/mask/image_3276.h5
image_2973,/Users/anykong/AAL_SD/data/Landslide4Sense/TrainData/img/image_2973.h5,/Users/anykong/AAL_SD/data/Landslide4Sense/TrainData/mask/image_2973.h5
image_3790,/Users/anykong/AAL_SD/data/Landslide4Sense/TrainData/img/image_3790.h5,/Users/anykong/AAL_SD/data/Landslide4Sense/TrainData/mask/image_3790.h5
image_2870,/Users/anykong/AAL_SD/data/Landslide4Sense/TrainData/img/image_2870.h5,/Users/anykong/AAL_SD/data/Landslide4Sense/TrainData/mask/image_2870.h5
image_56,/Users/anykong/AAL_SD/data/Landslide4Sense/TrainData/img/image_56.h5,/Users/anykong/AAL_SD/data/Landslide4Sense/TrainData/mask/image_56.h5
image_2674,/Users/anykong/AAL_SD/data/Landslide4Sense/TrainData/img/image_2674.h5,/Users/anykong/AAL_SD/data/Landslide4Sense/TrainData/mask/image_2674.h5
image_2059,/Users/anykong/AAL_SD/data/Landslide4Sense/TrainData/img/image_2059.h5,/Users/anykong/AAL_SD/data/Landslide4Sense/TrainData/mask/image_2059.h5
image_1955,/Users/anykong/AAL_SD/data/Landslide4Sense/TrainData/img/image_1955.h5,/Users/anykong/AAL_SD/data/Landslide4Sense/TrainData/mask/image_1955.h5
image_3203,/Users/anykong/AAL_SD/data/Landslide4Sense/TrainData/img/image_3203.h5,/Users/anykong/AAL_SD/data/Landslide4Sense/TrainData/mask/image_3203.h5
image_412,/Users/anykong/AAL_SD/data/Landslide4Sense/TrainData/img/image_412.h5,/Users/anykong/AAL_SD/data/Landslide4Sense/TrainData/mask/image_412.h5
image_3222,/Users/anykong/AAL_SD/data/Landslide4Sense/TrainData/img/image_3222.h5,/Users/anykong/AAL_SD/data/Landslide4Sense/TrainData/mask/image_3222.h5
image_2206,/Users/anykong/AAL_SD/data/Landslide4Sense/TrainData/img/image_2206.h5,/Users/anykong/AAL_SD/data/Landslide4Sense/TrainData/mask/image_2206.h5
image_1638,/Users/anykong/AAL_SD/data/Landslide4Sense/TrainData/img/image_1638.h5,/Users/anykong/AAL_SD/data/Landslide4Sense/TrainData/mask/image_1638.h5
image_931,/Users/anykong/AAL_SD/data/Landslide4Sense/TrainData/img/image_931.h5,/Users/anykong/AAL_SD/data/Landslide4Sense/TrainData/mask/image_931.h5
image_387,/Users/anykong/AAL_SD/data/Landslide4Sense/TrainData/img/image_387.h5,/Users/anykong/AAL_SD/data/Landslide4Sense/TrainData/mask/image_387.h5
image_496,/Users/anykong/AAL_SD/data/Landslide4Sense/TrainData/img/image_496.h5,/Users/anykong/AAL_SD/data/Landslide4Sense/TrainData/mask/image_496.h5
image_1434,/Users/anykong/AAL_SD/data/Landslide4Sense/TrainData/img/image_1434.h5,/Users/anykong/AAL_SD/data/Landslide4Sense/TrainData/mask/image_1434.h5
image_448,/Users/anykong/AAL_SD/data/Landslide4Sense/TrainData/img/image_448.h5,/Users/anykong/AAL_SD/data/Landslide4Sense/TrainData/mask/image_448.h5
image_3419,/Users/anykong/AAL_SD/data/Landslide4Sense/TrainData/img/image_3419.h5,/Users/anykong/AAL_SD/data/Landslide4Sense/TrainData/mask/image_3419.h5
image_2493,/Users/anykong/AAL_SD/data/Landslide4Sense/TrainData/img/image_2493.h5,/Users/anykong/AAL_SD/data/Landslide4Sense/TrainData/mask/image_2493.h5
image_1749,/Users/anykong/AAL_SD/data/Landslide4Sense/TrainData/img/image_1749.h5,/Users/anykong/AAL_SD/data/Landslide4Sense/TrainData/mask/image_1749.h5
image_2527,/Users/anykong/AAL_SD/data/Landslide4Sense/TrainData/img/image_2527.h5,/Users/anykong/AAL_SD/data/Landslide4Sense/TrainData/mask/image_2527.h5
image_3311,/Users/anykong/AAL_SD/data/Landslide4Sense/TrainData/img/image_3311.h5,/Users/anykong/AAL_SD/data/Landslide4Sense/TrainData/mask/image_3311.h5
image_446,/Users/anykong/AAL_SD/data/Landslide4Sense/TrainData/img/image_446.h5,/Users/anykong/AAL_SD/data/Landslide4Sense/TrainData/mask/image_446.h5
image_1262,/Users/anykong/AAL_SD/data/Landslide4Sense/TrainData/img/image_1262.h5,/Users/anykong/AAL_SD/data/Landslide4Sense/TrainData/mask/image_1262.h5
image_987,/Users/anykong/AAL_SD/data/Landslide4Sense/TrainData/img/image_987.h5,/Users/anykong/AAL_SD/data/Landslide4Sense/TrainData/mask/image_987.h5
image_3110,/Users/anykong/AAL_SD/data/Landslide4Sense/TrainData/img/image_3110.h5,/Users/anykong/AAL_SD/data/Landslide4Sense/TrainData/mask/image_3110.h5
image_3382,/Users/anykong/AAL_SD/data/Landslide4Sense/TrainData/img/image_3382.h5,/Users/anykong/AAL_SD/data/Landslide4Sense/TrainData/mask/image_3382.h5
image_3269,/Users/anykong/AAL_SD/data/Landslide4Sense/TrainData/img/image_3269.h5,/Users/anykong/AAL_SD/data/Landslide4Sense/TrainData/mask/image_3269.h5
image_743,/Users/anykong/AAL_SD/data/Landslide4Sense/TrainData/img/image_743.h5,/Users/anykong/AAL_SD/data/Landslide4Sense/TrainData/mask/image_743.h5
image_2829,/Users/anykong/AAL_SD/data/Landslide4Sense/TrainData/img/image_2829.h5,/Users/anykong/AAL_SD/data/Landslide4Sense/TrainData/mask/image_2829.h5
image_1362,/Users/anykong/AAL_SD/data/Landslide4Sense/TrainData/img/image_1362.h5,/Users/anykong/AAL_SD/data/Landslide4Sense/TrainData/mask/image_1362.h5
image_3794,/Users/anykong/AAL_SD/data/Landslide4Sense/TrainData/img/image_3794.h5,/Users/anykong/AAL_SD/data/Landslide4Sense/TrainData/mask/image_3794.h5
image_1296,/Users/anykong/AAL_SD/data/Landslide4Sense/TrainData/img/image_1296.h5,/Users/anykong/AAL_SD/data/Landslide4Sense/TrainData/mask/image_1296.h5
image_538,/Users/anykong/AAL_SD/data/Landslide4Sense/TrainData/img/image_538.h5,/Users/anykong/AAL_SD/data/Landslide4Sense/TrainData/mask/image_538.h5
image_3570,/Users/anykong/AAL_SD/data/Landslide4Sense/TrainData/img/image_3570.h5,/Users/anykong/AAL_SD/data/Landslide4Sense/TrainData/mask/image_3570.h5
image_1504,/Users/anykong/AAL_SD/data/Landslide4Sense/TrainData/img/image_1504.h5,/Users/anykong/AAL_SD/data/Landslide4Sense/TrainData/mask/image_1504.h5
image_1922,/Users/anykong/AAL_SD/data/Landslide4Sense/TrainData/img/image_1922.h5,/Users/anykong/AAL_SD/data/Landslide4Sense/TrainData/mask/image_1922.h5
image_902,/Users/anykong/AAL_SD/data/Landslide4Sense/TrainData/img/image_902.h5,/Users/anykong/AAL_SD/data/Landslide4Sense/TrainData/mask/image_902.h5
image_3650,/Users/anykong/AAL_SD/data/Landslide4Sense/TrainData/img/image_3650.h5,/Users/anykong/AAL_SD/data/Landslide4Sense/TrainData/mask/image_3650.h5
image_1502,/Users/anykong/AAL_SD/data/Landslide4Sense/TrainData/img/image_1502.h5,/Users/anykong/AAL_SD/data/Landslide4Sense/TrainData/mask/image_1502.h5
image_1020,/Users/anykong/AAL_SD/data/Landslide4Sense/TrainData/img/image_1020.h5,/Users/anykong/AAL_SD/data/Landslide4Sense/TrainData/mask/image_1020.h5
image_1710,/Users/anykong/AAL_SD/data/Landslide4Sense/TrainData/img/image_1710.h5,/Users/anykong/AAL_SD/data/Landslide4Sense/TrainData/mask/image_1710.h5
image_3681,/Users/anykong/AAL_SD/data/Landslide4Sense/TrainData/img/image_3681.h5,/Users/anykong/AAL_SD/data/Landslide4Sense/TrainData/mask/image_3681.h5
image_2016,/Users/anykong/AAL_SD/data/Landslide4Sense/TrainData/img/image_2016.h5,/Users/anykong/AAL_SD/data/Landslide4Sense/TrainData/mask/image_2016.h5
image_1510,/Users/anykong/AAL_SD/data/Landslide4Sense/TrainData/img/image_1510.h5,/Users/anykong/AAL_SD/data/Landslide4Sense/TrainData/mask/image_1510.h5
image_1218,/Users/anykong/AAL_SD/data/Landslide4Sense/TrainData/img/image_1218.h5,/Users/anykong/AAL_SD/data/Landslide4Sense/TrainData/mask/image_1218.h5
image_812,/Users/anykong/AAL_SD/data/Landslide4Sense/TrainData/img/image_812.h5,/Users/anykong/AAL_SD/data/Landslide4Sense/TrainData/mask/image_812.h5
image_3698,/Users/anykong/AAL_SD/data/Landslide4Sense/TrainData/img/image_3698.h5,/Users/anykong/AAL_SD/data/Landslide4Sense/TrainData/mask/image_3698.h5
image_1805,/Users/anykong/AAL_SD/data/Landslide4Sense/TrainData/img/image_1805.h5,/Users/anykong/AAL_SD/data/Landslide4Sense/TrainData/mask/image_1805.h5
image_1354,/Users/anykong/AAL_SD/data/Landslide4Sense/TrainData/img/image_1354.h5,/Users/anykong/AAL_SD/data/Landslide4Sense/TrainData/mask/image_1354.h5
image_289,/Users/anykong/AAL_SD/data/Landslide4Sense/TrainData/img/image_289.h5,/Users/anykong/AAL_SD/data/Landslide4Sense/TrainData/mask/image_289.h5
image_331,/Users/anykong/AAL_SD/data/Landslide4Sense/TrainData/img/image_331.h5,/Users/anykong/AAL_SD/data/Landslide4Sense/TrainData/mask/image_331.h5
image_1830,/Users/anykong/AAL_SD/data/Landslide4Sense/TrainData/img/image_1830.h5,/Users/anykong/AAL_SD/data/Landslide4Sense/TrainData/mask/image_1830.h5
image_375,/Users/anykong/AAL_SD/data/Landslide4Sense/TrainData/img/image_375.h5,/Users/anykong/AAL_SD/data/Landslide4Sense/TrainData/mask/image_375.h5
image_774,/Users/anykong/AAL_SD/data/Landslide4Sense/TrainData/img/image_774.h5,/Users/anykong/AAL_SD/data/Landslide4Sense/TrainData/mask/image_774.h5
image_1395,/Users/anykong/AAL_SD/data/Landslide4Sense/TrainData/img/image_1395.h5,/Users/anykong/AAL_SD/data/Landslide4Sense/TrainData/mask/image_1395.h5
image_3580,/Users/anykong/AAL_SD/data/Landslide4Sense/TrainData/img/image_3580.h5,/Users/anykong/AAL_SD/data/Landslide4Sense/TrainData/mask/image_3580.h5
image_1065,/Users/anykong/AAL_SD/data/Landslide4Sense/TrainData/img/image_1065.h5,/Users/anykong/AAL_SD/data/Landslide4Sense/TrainData/mask/image_1065.h5
image_1969,/Users/anykong/AAL_SD/data/Landslide4Sense/TrainData/img/image_1969.h5,/Users/anykong/AAL_SD/data/Landslide4Sense/TrainData/mask/image_1969.h5
image_339,/Users/anykong/AAL_SD/data/Landslide4Sense/TrainData/img/image_339.h5,/Users/anykong/AAL_SD/data/Landslide4Sense/TrainData/mask/image_339.h5
image_371,/Users/anykong/AAL_SD/data/Landslide4Sense/TrainData/img/image_371.h5,/Users/anykong/AAL_SD/data/Landslide4Sense/TrainData/mask/image_371.h5
image_819,/Users/anykong/AAL_SD/data/Landslide4Sense/TrainData/img/image_819.h5,/Users/anykong/AAL_SD/data/Landslide4Sense/TrainData/mask/image_819.h5
image_3268,/Users/anykong/AAL_SD/data/Landslide4Sense/TrainData/img/image_3268.h5,/Users/anykong/AAL_SD/data/Landslide4Sense/TrainData/mask/image_3268.h5
image_3334,/Users/anykong/AAL_SD/data/Landslide4Sense/TrainData/img/image_3334.h5,/Users/anykong/AAL_SD/data/Landslide4Sense/TrainData/mask/image_3334.h5
image_779,/Users/anykong/AAL_SD/data/Landslide4Sense/TrainData/img/image_779.h5,/Users/anykong/AAL_SD/data/Landslide4Sense/TrainData/mask/image_779.h5
image_2857,/Users/anykong/AAL_SD/data/Landslide4Sense/TrainData/img/image_2857.h5,/Users/anykong/AAL_SD/data/Landslide4Sense/TrainData/mask/image_2857.h5
image_951,/Users/anykong/AAL_SD/data/Landslide4Sense/TrainData/img/image_951.h5,/Users/anykong/AAL_SD/data/Landslide4Sense/TrainData/mask/image_951.h5
image_1602,/Users/anykong/AAL_SD/data/Landslide4Sense/TrainData/img/image_1602.h5,/Users/anykong/AAL_SD/data/Landslide4Sense/TrainData/mask/image_1602.h5
image_2907,/Users/anykong/AAL_SD/data/Landslide4Sense/TrainData/img/image_2907.h5,/Users/anykong/AAL_SD/data/Landslide4Sense/TrainData/mask/image_2907.h5
image_3563,/Users/anykong/AAL_SD/data/Landslide4Sense/TrainData/img/image_3563.h5,/Users/anykong/AAL_SD/data/Landslide4Sense/TrainData/mask/image_3563.h5
image_3393,/Users/anykong/AAL_SD/data/Landslide4Sense/TrainData/img/image_3393.h5,/Users/anykong/AAL_SD/data/Landslide4Sense/TrainData/mask/image_3393.h5
image_3647,/Users/anykong/AAL_SD/data/Landslide4Sense/TrainData/img/image_3647.h5,/Users/anykong/AAL_SD/data/Landslide4Sense/TrainData/mask/image_3647.h5
image_600,/Users/anykong/AAL_SD/data/Landslide4Sense/TrainData/img/image_600.h5,/Users/anykong/AAL_SD/data/Landslide4Sense/TrainData/mask/image_600.h5
image_45,/Users/anykong/AAL_SD/data/Landslide4Sense/TrainData/img/image_45.h5,/Users/anykong/AAL_SD/data/Landslide4Sense/TrainData/mask/image_45.h5
image_1715,/Users/anykong/AAL_SD/data/Landslide4Sense/TrainData/img/image_1715.h5,/Users/anykong/AAL_SD/data/Landslide4Sense/TrainData/mask/image_1715.h5
image_621,/Users/anykong/AAL_SD/data/Landslide4Sense/TrainData/img/image_621.h5,/Users/anykong/AAL_SD/data/Landslide4Sense/TrainData/mask/image_621.h5
image_32,/Users/anykong/AAL_SD/data/Landslide4Sense/TrainData/img/image_32.h5,/Users/anykong/AAL_SD/data/Landslide4Sense/TrainData/mask/image_32.h5
image_2091,/Users/anykong/AAL_SD/data/Landslide4Sense/TrainData/img/image_2091.h5,/Users/anykong/AAL_SD/data/Landslide4Sense/TrainData/mask/image_2091.h5
image_610,/Users/anykong/AAL_SD/data/Landslide4Sense/TrainData/img/image_610.h5,/Users/anykong/AAL_SD/data/Landslide4Sense/TrainData/mask/image_610.h5
image_2114,/Users/anykong/AAL_SD/data/Landslide4Sense/TrainData/img/image_2114.h5,/Users/anykong/AAL_SD/data/Landslide4Sense/TrainData/mask/image_2114.h5
image_3618,/Users/anykong/AAL_SD/data/Landslide4Sense/TrainData/img/image_3618.h5,/Users/anykong/AAL_SD/data/Landslide4Sense/TrainData/mask/image_3618.h5
image_1023,/Users/anykong/AAL_SD/data/Landslide4Sense/TrainData/img/image_1023.h5,/Users/anykong/AAL_SD/data/Landslide4Sense/TrainData/mask/image_1023.h5
image_537,/Users/anykong/AAL_SD/data/Landslide4Sense/TrainData/img/image_537.h5,/Users/anykong/AAL_SD/data/Landslide4Sense/TrainData/mask/image_537.h5
image_488,/Users/anykong/AAL_SD/data/Landslide4Sense/TrainData/img/image_488.h5,/Users/anykong/AAL_SD/data/Landslide4Sense/TrainData/mask/image_488.h5
image_2812,/Users/anykong/AAL_SD/data/Landslide4Sense/TrainData/img/image_2812.h5,/Users/anykong/AAL_SD/data/Landslide4Sense/TrainData/mask/image_2812.h5
image_503,/Users/anykong/AAL_SD/data/Landslide4Sense/TrainData/img/image_503.h5,/Users/anykong/AAL_SD/data/Landslide4Sense/TrainData/mask/image_503.h5
image_2510,/Users/anykong/AAL_SD/data/Landslide4Sense/TrainData/img/image_2510.h5,/Users/anykong/AAL_SD/data/Landslide4Sense/TrainData/mask/image_2510.h5
image_1553,/Users/anykong/AAL_SD/data/Landslide4Sense/TrainData/img/image_1553.h5,/Users/anykong/AAL_SD/data/Landslide4Sense/TrainData/mask/image_1553.h5
image_1525,/Users/anykong/AAL_SD/data/Landslide4Sense/TrainData/img/image_1525.h5,/Users/anykong/AAL_SD/data/Landslide4Sense/TrainData/mask/image_1525.h5
image_2794,/Users/anykong/AAL_SD/data/Landslide4Sense/TrainData/img/image_2794.h5,/Users/anykong/AAL_SD/data/Landslide4Sense/TrainData/mask/image_2794.h5
image_3723,/Users/anykong/AAL_SD/data/Landslide4Sense/TrainData/img/image_3723.h5,/Users/anykong/AAL_SD/data/Landslide4Sense/TrainData/mask/image_3723.h5
image_2522,/Users/anykong/AAL_SD/data/Landslide4Sense/TrainData/img/image_2522.h5,/Users/anykong/AAL_SD/data/Landslide4Sense/TrainData/mask/image_2522.h5
image_1424,/Users/anykong/AAL_SD/data/Landslide4Sense/TrainData/img/image_1424.h5,/Users/anykong/AAL_SD/data/Landslide4Sense/TrainData/mask/image_1424.h5
image_3220,/Users/anykong/AAL_SD/data/Landslide4Sense/TrainData/img/image_3220.h5,/Users/anykong/AAL_SD/data/Landslide4Sense/TrainData/mask/image_3220.h5
image_1640,/Users/anykong/AAL_SD/data/Landslide4Sense/TrainData/img/image_1640.h5,/Users/anykong/AAL_SD/data/Landslide4Sense/TrainData/mask/image_1640.h5
image_1481,/Users/anykong/AAL_SD/data/Landslide4Sense/TrainData/img/image_1481.h5,/Users/anykong/AAL_SD/data/Landslide4Sense/TrainData/mask/image_1481.h5
image_1766,/Users/anykong/AAL_SD/data/Landslide4Sense/TrainData/img/image_1766.h5,/Users/anykong/AAL_SD/data/Landslide4Sense/TrainData/mask/image_1766.h5
image_3264,/Users/anykong/AAL_SD/data/Landslide4Sense/TrainData/img/image_3264.h5,/Users/anykong/AAL_SD/data/Landslide4Sense/TrainData/mask/image_3264.h5
image_3799,/Users/anykong/AAL_SD/data/Landslide4Sense/TrainData/img/image_3799.h5,/Users/anykong/AAL_SD/data/Landslide4Sense/TrainData/mask/image_3799.h5
image_1912,/Users/anykong/AAL_SD/data/Landslide4Sense/TrainData/img/image_1912.h5,/Users/anykong/AAL_SD/data/Landslide4Sense/TrainData/mask/image_1912.h5
image_1605,/Users/anykong/AAL_SD/data/Landslide4Sense/TrainData/img/image_1605.h5,/Users/anykong/AAL_SD/data/Landslide4Sense/TrainData/mask/image_1605.h5
image_2131,/Users/anykong/AAL_SD/data/Landslide4Sense/TrainData/img/image_2131.h5,/Users/anykong/AAL_SD/data/Landslide4Sense/TrainData/mask/image_2131.h5
image_2129,/Users/anykong/AAL_SD/data/Landslide4Sense/TrainData/img/image_2129.h5,/Users/anykong/AAL_SD/data/Landslide4Sense/TrainData/mask/image_2129.h5
image_317,/Users/anykong/AAL_SD/data/Landslide4Sense/TrainData/img/image_317.h5,/Users/anykong/AAL_SD/data/Landslide4Sense/TrainData/mask/image_317.h5
image_2344,/Users/anykong/AAL_SD/data/Landslide4Sense/TrainData/img/image_2344.h5,/Users/anykong/AAL_SD/data/Landslide4Sense/TrainData/mask/image_2344.h5
image_1305,/Users/anykong/AAL_SD/data/Landslide4Sense/TrainData/img/image_1305.h5,/Users/anykong/AAL_SD/data/Landslide4Sense/TrainData/mask/image_1305.h5
image_2203,/Users/anykong/AAL_SD/data/Landslide4Sense/TrainData/img/image_2203.h5,/Users/anykong/AAL_SD/data/Landslide4Sense/TrainData/mask/image_2203.h5
image_3024,/Users/anykong/AAL_SD/data/Landslide4Sense/TrainData/img/image_3024.h5,/Users/anykong/AAL_SD/data/Landslide4Sense/TrainData/mask/image_3024.h5
image_3704,/Users/anykong/AAL_SD/data/Landslide4Sense/TrainData/img/image_3704.h5,/Users/anykong/AAL_SD/data/Landslide4Sense/TrainData/mask/image_3704.h5
image_2095,/Users/anykong/AAL_SD/data/Landslide4Sense/TrainData/img/image_2095.h5,/Users/anykong/AAL_SD/data/Landslide4Sense/TrainData/mask/image_2095.h5
image_898,/Users/anykong/AAL_SD/data/Landslide4Sense/TrainData/img/image_898.h5,/Users/anykong/AAL_SD/data/Landslide4Sense/TrainData/mask/image_898.h5
image_485,/Users/anykong/AAL_SD/data/Landslide4Sense/TrainData/img/image_485.h5,/Users/anykong/AAL_SD/data/Landslide4Sense/TrainData/mask/image_485.h5
image_2217,/Users/anykong/AAL_SD/data/Landslide4Sense/TrainData/img/image_2217.h5,/Users/anykong/AAL_SD/data/Landslide4Sense/TrainData/mask/image_2217.h5
image_2958,/Users/anykong/AAL_SD/data/Landslide4Sense/TrainData/img/image_2958.h5,/Users/anykong/AAL_SD/data/Landslide4Sense/TrainData/mask/image_2958.h5
image_690,/Users/anykong/AAL_SD/data/Landslide4Sense/TrainData/img/image_690.h5,/Users/anykong/AAL_SD/data/Landslide4Sense/TrainData/mask/image_690.h5
image_1719,/Users/anykong/AAL_SD/data/Landslide4Sense/TrainData/img/image_1719.h5,/Users/anykong/AAL_SD/data/Landslide4Sense/TrainData/mask/image_1719.h5
image_2478,/Users/anykong/AAL_SD/data/Landslide4Sense/TrainData/img/image_2478.h5,/Users/anykong/AAL_SD/data/Landslide4Sense/TrainData/mask/image_2478.h5
image_380,/Users/anykong/AAL_SD/data/Landslide4Sense/TrainData/img/image_380.h5,/Users/anykong/AAL_SD/data/Landslide4Sense/TrainData/mask/image_380.h5
image_2070,/Users/anykong/AAL_SD/data/Landslide4Sense/TrainData/img/image_2070.h5,/Users/anykong/AAL_SD/data/Landslide4Sense/TrainData/mask/image_2070.h5
image_1140,/Users/anykong/AAL_SD/data/Landslide4Sense/TrainData/img/image_1140.h5,/Users/anykong/AAL_SD/data/Landslide4Sense/TrainData/mask/image_1140.h5
image_3290,/Users/anykong/AAL_SD/data/Landslide4Sense/TrainData/img/image_3290.h5,/Users/anykong/AAL_SD/data/Landslide4Sense/TrainData/mask/image_3290.h5
image_1226,/Users/anykong/AAL_SD/data/Landslide4Sense/TrainData/img/image_1226.h5,/Users/anykong/AAL_SD/data/Landslide4Sense/TrainData/mask/image_1226.h5
image_2974,/Users/anykong/AAL_SD/data/Landslide4Sense/TrainData/img/image_2974.h5,/Users/anykong/AAL_SD/data/Landslide4Sense/TrainData/mask/image_2974.h5
image_2318,/Users/anykong/AAL_SD/data/Landslide4Sense/TrainData/img/image_2318.h5,/Users/anykong/AAL_SD/data/Landslide4Sense/TrainData/mask/image_2318.h5
image_3252,/Users/anykong/AAL_SD/data/Landslide4Sense/TrainData/img/image_3252.h5,/Users/anykong/AAL_SD/data/Landslide4Sense/TrainData/mask/image_3252.h5
image_2110,/Users/anykong/AAL_SD/data/Landslide4Sense/TrainData/img/image_2110.h5,/Users/anykong/AAL_SD/data/Landslide4Sense/TrainData/mask/image_2110.h5
image_821,/Users/anykong/AAL_SD/data/Landslide4Sense/TrainData/img/image_821.h5,/Users/anykong/AAL_SD/data/Landslide4Sense/TrainData/mask/image_821.h5
image_3079,/Users/anykong/AAL_SD/data/Landslide4Sense/TrainData/img/image_3079.h5,/Users/anykong/AAL_SD/data/Landslide4Sense/TrainData/mask/image_3079.h5
image_2328,/Users/anykong/AAL_SD/data/Landslide4Sense/TrainData/img/image_2328.h5,/Users/anykong/AAL_SD/data/Landslide4Sense/TrainData/mask/image_2328.h5
image_526,/Users/anykong/AAL_SD/data/Landslide4Sense/TrainData/img/image_526.h5,/Users/anykong/AAL_SD/data/Landslide4Sense/TrainData/mask/image_526.h5
image_612,/Users/anykong/AAL_SD/data/Landslide4Sense/TrainData/img/image_612.h5,/Users/anykong/AAL_SD/data/Landslide4Sense/TrainData/mask/image_612.h5
image_3063,/Users/anykong/AAL_SD/data/Landslide4Sense/TrainData/img/image_3063.h5,/Users/anykong/AAL_SD/data/Landslide4Sense/TrainData/mask/image_3063.h5
image_2447,/Users/anykong/AAL_SD/data/Landslide4Sense/TrainData/img/image_2447.h5,/Users/anykong/AAL_SD/data/Landslide4Sense/TrainData/mask/image_2447.h5
image_2780,/Users/anykong/AAL_SD/data/Landslide4Sense/TrainData/img/image_2780.h5,/Users/anykong/AAL_SD/data/Landslide4Sense/TrainData/mask/image_2780.h5
image_2178,/Users/anykong/AAL_SD/data/Landslide4Sense/TrainData/img/image_2178.h5,/Users/anykong/AAL_SD/data/Landslide4Sense/TrainData/mask/image_2178.h5
image_2663,/Users/anykong/AAL_SD/data/Landslide4Sense/TrainData/img/image_2663.h5,/Users/anykong/AAL_SD/data/Landslide4Sense/TrainData/mask/image_2663.h5
image_2767,/Users/anykong/AAL_SD/data/Landslide4Sense/TrainData/img/image_2767.h5,/Users/anykong/AAL_SD/data/Landslide4Sense/TrainData/mask/image_2767.h5
image_2170,/Users/anykong/AAL_SD/data/Landslide4Sense/TrainData/img/image_2170.h5,/Users/anykong/AAL_SD/data/Landslide4Sense/TrainData/mask/image_2170.h5
image_1178,/Users/anykong/AAL_SD/data/Landslide4Sense/TrainData/img/image_1178.h5,/Users/anykong/AAL_SD/data/Landslide4Sense/TrainData/mask/image_1178.h5
image_1174,/Users/anykong/AAL_SD/data/Landslide4Sense/TrainData/img/image_1174.h5,/Users/anykong/AAL_SD/data/Landslide4Sense/TrainData/mask/image_1174.h5
image_1440,/Users/anykong/AAL_SD/data/Landslide4Sense/TrainData/img/image_1440.h5,/Users/anykong/AAL_SD/data/Landslide4Sense/TrainData/mask/image_1440.h5
image_940,/Users/anykong/AAL_SD/data/Landslide4Sense/TrainData/img/image_940.h5,/Users/anykong/AAL_SD/data/Landslide4Sense/TrainData/mask/image_940.h5
image_2775,/Users/anykong/AAL_SD/data/Landslide4Sense/TrainData/img/image_2775.h5,/Users/anykong/AAL_SD/data/Landslide4Sense/TrainData/mask/image_2775.h5
image_306,/Users/anykong/AAL_SD/data/Landslide4Sense/TrainData/img/image_306.h5,/Users/anykong/AAL_SD/data/Landslide4Sense/TrainData/mask/image_306.h5
image_1311,/Users/anykong/AAL_SD/data/Landslide4Sense/TrainData/img/image_1311.h5,/Users/anykong/AAL_SD/data/Landslide4Sense/TrainData/mask/image_1311.h5
image_1165,/Users/anykong/AAL_SD/data/Landslide4Sense/TrainData/img/image_1165.h5,/Users/anykong/AAL_SD/data/Landslide4Sense/TrainData/mask/image_1165.h5
image_1033,/Users/anykong/AAL_SD/data/Landslide4Sense/TrainData/img/image_1033.h5,/Users/anykong/AAL_SD/data/Landslide4Sense/TrainData/mask/image_1033.h5
image_2660,/Users/anykong/AAL_SD/data/Landslide4Sense/TrainData/img/image_2660.h5,/Users/anykong/AAL_SD/data/Landslide4Sense/TrainData/mask/image_2660.h5
image_2589,/Users/anykong/AAL_SD/data/Landslide4Sense/TrainData/img/image_2589.h5,/Users/anykong/AAL_SD/data/Landslide4Sense/TrainData/mask/image_2589.h5
image_2934,/Users/anykong/AAL_SD/data/Landslide4Sense/TrainData/img/image_2934.h5,/Users/anykong/AAL_SD/data/Landslide4Sense/TrainData/mask/image_2934.h5
image_2083,/Users/anykong/AAL_SD/data/Landslide4Sense/TrainData/img/image_2083.h5,/Users/anykong/AAL_SD/data/Landslide4Sense/TrainData/mask/image_2083.h5
image_2039,/Users/anykong/AAL_SD/data/Landslide4Sense/TrainData/img/image_2039.h5,/Users/anykong/AAL_SD/data/Landslide4Sense/TrainData/mask/image_2039.h5
image_3380,/Users/anykong/AAL_SD/data/Landslide4Sense/TrainData/img/image_3380.h5,/Users/anykong/AAL_SD/data/Landslide4Sense/TrainData/mask/image_3380.h5
image_3687,/Users/anykong/AAL_SD/data/Landslide4Sense/TrainData/img/image_3687.h5,/Users/anykong/AAL_SD/data/Landslide4Sense/TrainData/mask/image_3687.h5
image_2322,/Users/anykong/AAL_SD/data/Landslide4Sense/TrainData/img/image_2322.h5,/Users/anykong/AAL_SD/data/Landslide4Sense/TrainData/mask/image_2322.h5
image_2427,/Users/anykong/AAL_SD/data/Landslide4Sense/TrainData/img/image_2427.h5,/Users/anykong/AAL_SD/data/Landslide4Sense/TrainData/mask/image_2427.h5
image_2909,/Users/anykong/AAL_SD/data/Landslide4Sense/TrainData/img/image_2909.h5,/Users/anykong/AAL_SD/data/Landslide4Sense/TrainData/mask/image_2909.h5
image_3695,/Users/anykong/AAL_SD/data/Landslide4Sense/TrainData/img/image_3695.h5,/Users/anykong/AAL_SD/data/Landslide4Sense/TrainData/mask/image_3695.h5
image_1767,/Users/anykong/AAL_SD/data/Landslide4Sense/TrainData/img/image_1767.h5,/Users/anykong/AAL_SD/data/Landslide4Sense/TrainData/mask/image_1767.h5
image_365,/Users/anykong/AAL_SD/data/Landslide4Sense/TrainData/img/image_365.h5,/Users/anykong/AAL_SD/data/Landslide4Sense/TrainData/mask/image_365.h5
image_818,/Users/anykong/AAL_SD/data/Landslide4Sense/TrainData/img/image_818.h5,/Users/anykong/AAL_SD/data/Landslide4Sense/TrainData/mask/image_818.h5
image_2247,/Users/anykong/AAL_SD/data/Landslide4Sense/TrainData/img/image_2247.h5,/Users/anykong/AAL_SD/data/Landslide4Sense/TrainData/mask/image_2247.h5
image_3603,/Users/anykong/AAL_SD/data/Landslide4Sense/TrainData/img/image_3603.h5,/Users/anykong/AAL_SD/data/Landslide4Sense/TrainData/mask/image_3603.h5
image_2991,/Users/anykong/AAL_SD/data/Landslide4Sense/TrainData/img/image_2991.h5,/Users/anykong/AAL_SD/data/Landslide4Sense/TrainData/mask/image_2991.h5
image_2853,/Users/anykong/AAL_SD/data/Landslide4Sense/TrainData/img/image_2853.h5,/Users/anykong/AAL_SD/data/Landslide4Sense/TrainData/mask/image_2853.h5
image_1404,/Users/anykong/AAL_SD/data/Landslide4Sense/TrainData/img/image_1404.h5,/Users/anykong/AAL_SD/data/Landslide4Sense/TrainData/mask/image_1404.h5
image_2531,/Users/anykong/AAL_SD/data/Landslide4Sense/TrainData/img/image_2531.h5,/Users/anykong/AAL_SD/data/Landslide4Sense/TrainData/mask/image_2531.h5
image_2936,/Users/anykong/AAL_SD/data/Landslide4Sense/TrainData/img/image_2936.h5,/Users/anykong/AAL_SD/data/Landslide4Sense/TrainData/mask/image_2936.h5
image_336,/Users/anykong/AAL_SD/data/Landslide4Sense/TrainData/img/image_336.h5,/Users/anykong/AAL_SD/data/Landslide4Sense/TrainData/mask/image_336.h5
image_2908,/Users/anykong/AAL_SD/data/Landslide4Sense/TrainData/img/image_2908.h5,/Users/anykong/AAL_SD/data/Landslide4Sense/TrainData/mask/image_2908.h5
image_2608,/Users/anykong/AAL_SD/data/Landslide4Sense/TrainData/img/image_2608.h5,/Users/anykong/AAL_SD/data/Landslide4Sense/TrainData/mask/image_2608.h5
image_3032,/Users/anykong/AAL_SD/data/Landslide4Sense/TrainData/img/image_3032.h5,/Users/anykong/AAL_SD/data/Landslide4Sense/TrainData/mask/image_3032.h5
image_2534,/Users/anykong/AAL_SD/data/Landslide4Sense/TrainData/img/image_2534.h5,/Users/anykong/AAL_SD/data/Landslide4Sense/TrainData/mask/image_2534.h5
image_3234,/Users/anykong/AAL_SD/data/Landslide4Sense/TrainData/img/image_3234.h5,/Users/anykong/AAL_SD/data/Landslide4Sense/TrainData/mask/image_3234.h5
image_402,/Users/anykong/AAL_SD/data/Landslide4Sense/TrainData/img/image_402.h5,/Users/anykong/AAL_SD/data/Landslide4Sense/TrainData/mask/image_402.h5
image_2273,/Users/anykong/AAL_SD/data/Landslide4Sense/TrainData/img/image_2273.h5,/Users/anykong/AAL_SD/data/Landslide4Sense/TrainData/mask/image_2273.h5
image_3359,/Users/anykong/AAL_SD/data/Landslide4Sense/TrainData/img/image_3359.h5,/Users/anykong/AAL_SD/data/Landslide4Sense/TrainData/mask/image_3359.h5
image_2405,/Users/anykong/AAL_SD/data/Landslide4Sense/TrainData/img/image_2405.h5,/Users/anykong/AAL_SD/data/Landslide4Sense/TrainData/mask/image_2405.h5
image_1668,/Users/anykong/AAL_SD/data/Landslide4Sense/TrainData/img/image_1668.h5,/Users/anykong/AAL_SD/data/Landslide4Sense/TrainData/mask/image_1668.h5
image_3284,/Users/anykong/AAL_SD/data/Landslide4Sense/TrainData/img/image_3284.h5,/Users/anykong/AAL_SD/data/Landslide4Sense/TrainData/mask/image_3284.h5
image_1831,/Users/anykong/AAL_SD/data/Landslide4Sense/TrainData/img/image_1831.h5,/Users/anykong/AAL_SD/data/Landslide4Sense/TrainData/mask/image_1831.h5
image_816,/Users/anykong/AAL_SD/data/Landslide4Sense/TrainData/img/image_816.h5,/Users/anykong/AAL_SD/data/Landslide4Sense/TrainData/mask/image_816.h5
image_701,/Users/anykong/AAL_SD/data/Landslide4Sense/TrainData/img/image_701.h5,/Users/anykong/AAL_SD/data/Landslide4Sense/TrainData/mask/image_701.h5
image_1945,/Users/anykong/AAL_SD/data/Landslide4Sense/TrainData/img/image_1945.h5,/Users/anykong/AAL_SD/data/Landslide4Sense/TrainData/mask/image_1945.h5
image_1981,/Users/anykong/AAL_SD/data/Landslide4Sense/TrainData/img/image_1981.h5,/Users/anykong/AAL_SD/data/Landslide4Sense/TrainData/mask/image_1981.h5
image_3537,/Users/anykong/AAL_SD/data/Landslide4Sense/TrainData/img/image_3537.h5,/Users/anykong/AAL_SD/data/Landslide4Sense/TrainData/mask/image_3537.h5
image_1400,/Users/anykong/AAL_SD/data/Landslide4Sense/TrainData/img/image_1400.h5,/Users/anykong/AAL_SD/data/Landslide4Sense/TrainData/mask/image_1400.h5
image_1751,/Users/anykong/AAL_SD/data/Landslide4Sense/TrainData/img/image_1751.h5,/Users/anykong/AAL_SD/data/Landslide4Sense/TrainData/mask/image_1751.h5
image_97,/Users/anykong/AAL_SD/data/Landslide4Sense/TrainData/img/image_97.h5,/Users/anykong/AAL_SD/data/Landslide4Sense/TrainData/mask/image_97.h5
image_3756,/Users/anykong/AAL_SD/data/Landslide4Sense/TrainData/img/image_3756.h5,/Users/anykong/AAL_SD/data/Landslide4Sense/TrainData/mask/image_3756.h5
image_3762,/Users/anykong/AAL_SD/data/Landslide4Sense/TrainData/img/image_3762.h5,/Users/anykong/AAL_SD/data/Landslide4Sense/TrainData/mask/image_3762.h5
image_2565,/Users/anykong/AAL_SD/data/Landslide4Sense/TrainData/img/image_2565.h5,/Users/anykong/AAL_SD/data/Landslide4Sense/TrainData/mask/image_2565.h5
image_2165,/Users/anykong/AAL_SD/data/Landslide4Sense/TrainData/img/image_2165.h5,/Users/anykong/AAL_SD/data/Landslide4Sense/TrainData/mask/image_2165.h5
image_454,/Users/anykong/AAL_SD/data/Landslide4Sense/TrainData/img/image_454.h5,/Users/anykong/AAL_SD/data/Landslide4Sense/TrainData/mask/image_454.h5
image_3356,/Users/anykong/AAL_SD/data/Landslide4Sense/TrainData/img/image_3356.h5,/Users/anykong/AAL_SD/data/Landslide4Sense/TrainData/mask/image_3356.h5
image_3631,/Users/anykong/AAL_SD/data/Landslide4Sense/TrainData/img/image_3631.h5,/Users/anykong/AAL_SD/data/Landslide4Sense/TrainData/mask/image_3631.h5
image_3126,/Users/anykong/AAL_SD/data/Landslide4Sense/TrainData/img/image_3126.h5,/Users/anykong/AAL_SD/data/Landslide4Sense/TrainData/mask/image_3126.h5
image_2631,/Users/anykong/AAL_SD/data/Landslide4Sense/TrainData/img/image_2631.h5,/Users/anykong/AAL_SD/data/Landslide4Sense/TrainData/mask/image_2631.h5
image_2048,/Users/anykong/AAL_SD/data/Landslide4Sense/TrainData/img/image_2048.h5,/Users/anykong/AAL_SD/data/Landslide4Sense/TrainData/mask/image_2048.h5
image_578,/Users/anykong/AAL_SD/data/Landslide4Sense/TrainData/img/image_578.h5,/Users/anykong/AAL_SD/data/Landslide4Sense/TrainData/mask/image_578.h5
image_3028,/Users/anykong/AAL_SD/data/Landslide4Sense/TrainData/img/image_3028.h5,/Users/anykong/AAL_SD/data/Landslide4Sense/TrainData/mask/image_3028.h5
image_2622,/Users/anykong/AAL_SD/data/Landslide4Sense/TrainData/img/image_2622.h5,/Users/anykong/AAL_SD/data/Landslide4Sense/TrainData/mask/image_2622.h5
image_1917,/Users/anykong/AAL_SD/data/Landslide4Sense/TrainData/img/image_1917.h5,/Users/anykong/AAL_SD/data/Landslide4Sense/TrainData/mask/image_1917.h5
image_3360,/Users/anykong/AAL_SD/data/Landslide4Sense/TrainData/img/image_3360.h5,/Users/anykong/AAL_SD/data/Landslide4Sense/TrainData/mask/image_3360.h5
image_1867,/Users/anykong/AAL_SD/data/Landslide4Sense/TrainData/img/image_1867.h5,/Users/anykong/AAL_SD/data/Landslide4Sense/TrainData/mask/image_1867.h5
image_3515,/Users/anykong/AAL_SD/data/Landslide4Sense/TrainData/img/image_3515.h5,/Users/anykong/AAL_SD/data/Landslide4Sense/TrainData/mask/image_3515.h5
image_1322,/Users/anykong/AAL_SD/data/Landslide4Sense/TrainData/img/image_1322.h5,/Users/anykong/AAL_SD/data/Landslide4Sense/TrainData/mask/image_1322.h5
image_1671,/Users/anykong/AAL_SD/data/Landslide4Sense/TrainData/img/image_1671.h5,/Users/anykong/AAL_SD/data/Landslide4Sense/TrainData/mask/image_1671.h5
image_2092,/Users/anykong/AAL_SD/data/Landslide4Sense/TrainData/img/image_2092.h5,/Users/anykong/AAL_SD/data/Landslide4Sense/TrainData/mask/image_2092.h5
image_1093,/Users/anykong/AAL_SD/data/Landslide4Sense/TrainData/img/image_1093.h5,/Users/anykong/AAL_SD/data/Landslide4Sense/TrainData/mask/image_1093.h5
image_2834,/Users/anykong/AAL_SD/data/Landslide4Sense/TrainData/img/image_2834.h5,/Users/anykong/AAL_SD/data/Landslide4Sense/TrainData/mask/image_2834.h5
image_944,/Users/anykong/AAL_SD/data/Landslide4Sense/TrainData/img/image_944.h5,/Users/anykong/AAL_SD/data/Landslide4Sense/TrainData/mask/image_944.h5
image_829,/Users/anykong/AAL_SD/data/Landslide4Sense/TrainData/img/image_829.h5,/Users/anykong/AAL_SD/data/Landslide4Sense/TrainData/mask/image_829.h5
image_350,/Users/anykong/AAL_SD/data/Landslide4Sense/TrainData/img/image_350.h5,/Users/anykong/AAL_SD/data/Landslide4Sense/TrainData/mask/image_350.h5
image_2455,/Users/anykong/AAL_SD/data/Landslide4Sense/TrainData/img/image_2455.h5,/Users/anykong/AAL_SD/data/Landslide4Sense/TrainData/mask/image_2455.h5
image_1712,/Users/anykong/AAL_SD/data/Landslide4Sense/TrainData/img/image_1712.h5,/Users/anykong/AAL_SD/data/Landslide4Sense/TrainData/mask/image_1712.h5
image_3739,/Users/anykong/AAL_SD/data/Landslide4Sense/TrainData/img/image_3739.h5,/Users/anykong/AAL_SD/data/Landslide4Sense/TrainData/mask/image_3739.h5
image_3270,/Users/anykong/AAL_SD/data/Landslide4Sense/TrainData/img/image_3270.h5,/Users/anykong/AAL_SD/data/Landslide4Sense/TrainData/mask/image_3270.h5
image_903,/Users/anykong/AAL_SD/data/Landslide4Sense/TrainData/img/image_903.h5,/Users/anykong/AAL_SD/data/Landslide4Sense/TrainData/mask/image_903.h5
image_309,/Users/anykong/AAL_SD/data/Landslide4Sense/TrainData/img/image_309.h5,/Users/anykong/AAL_SD/data/Landslide4Sense/TrainData/mask/image_309.h5
image_2830,/Users/anykong/AAL_SD/data/Landslide4Sense/TrainData/img/image_2830.h5,/Users/anykong/AAL_SD/data/Landslide4Sense/TrainData/mask/image_2830.h5
image_2529,/Users/anykong/AAL_SD/data/Landslide4Sense/TrainData/img/image_2529.h5,/Users/anykong/AAL_SD/data/Landslide4Sense/TrainData/mask/image_2529.h5
image_1392,/Users/anykong/AAL_SD/data/Landslide4Sense/TrainData/img/image_1392.h5,/Users/anykong/AAL_SD/data/Landslide4Sense/TrainData/mask/image_1392.h5
image_3642,/Users/anykong/AAL_SD/data/Landslide4Sense/TrainData/img/image_3642.h5,/Users/anykong/AAL_SD/data/Landslide4Sense/TrainData/mask/image_3642.h5
image_2658,/Users/anykong/AAL_SD/data/Landslide4Sense/TrainData/img/image_2658.h5,/Users/anykong/AAL_SD/data/Landslide4Sense/TrainData/mask/image_2658.h5
image_1806,/Users/anykong/AAL_SD/data/Landslide4Sense/TrainData/img/image_1806.h5,/Users/anykong/AAL_SD/data/Landslide4Sense/TrainData/mask/image_1806.h5
image_2814,/Users/anykong/AAL_SD/data/Landslide4Sense/TrainData/img/image_2814.h5,/Users/anykong/AAL_SD/data/Landslide4Sense/TrainData/mask/image_2814.h5
image_1323,/Users/anykong/AAL_SD/data/Landslide4Sense/TrainData/img/image_1323.h5,/Users/anykong/AAL_SD/data/Landslide4Sense/TrainData/mask/image_1323.h5
image_2481,/Users/anykong/AAL_SD/data/Landslide4Sense/TrainData/img/image_2481.h5,/Users/anykong/AAL_SD/data/Landslide4Sense/TrainData/mask/image_2481.h5
image_3449,/Users/anykong/AAL_SD/data/Landslide4Sense/TrainData/img/image_3449.h5,/Users/anykong/AAL_SD/data/Landslide4Sense/TrainData/mask/image_3449.h5
image_2135,/Users/anykong/AAL_SD/data/Landslide4Sense/TrainData/img/image_2135.h5,/Users/anykong/AAL_SD/data/Landslide4Sense/TrainData/mask/image_2135.h5
image_198,/Users/anykong/AAL_SD/data/Landslide4Sense/TrainData/img/image_198.h5,/Users/anykong/AAL_SD/data/Landslide4Sense/TrainData/mask/image_198.h5
image_2698,/Users/anykong/AAL_SD/data/Landslide4Sense/TrainData/img/image_2698.h5,/Users/anykong/AAL_SD/data/Landslide4Sense/TrainData/mask/image_2698.h5
image_447,/Users/anykong/AAL_SD/data/Landslide4Sense/TrainData/img/image_447.h5,/Users/anykong/AAL_SD/data/Landslide4Sense/TrainData/mask/image_447.h5
image_1321,/Users/anykong/AAL_SD/data/Landslide4Sense/TrainData/img/image_1321.h5,/Users/anykong/AAL_SD/data/Landslide4Sense/TrainData/mask/image_1321.h5
image_2709,/Users/anykong/AAL_SD/data/Landslide4Sense/TrainData/img/image_2709.h5,/Users/anykong/AAL_SD/data/Landslide4Sense/TrainData/mask/image_2709.h5
image_2792,/Users/anykong/AAL_SD/data/Landslide4Sense/TrainData/img/image_2792.h5,/Users/anykong/AAL_SD/data/Landslide4Sense/TrainData/mask/image_2792.h5
image_213,/Users/anykong/AAL_SD/data/Landslide4Sense/TrainData/img/image_213.h5,/Users/anykong/AAL_SD/data/Landslide4Sense/TrainData/mask/image_213.h5
image_240,/Users/anykong/AAL_SD/data/Landslide4Sense/TrainData/img/image_240.h5,/Users/anykong/AAL_SD/data/Landslide4Sense/TrainData/mask/image_240.h5
image_2090,/Users/anykong/AAL_SD/data/Landslide4Sense/TrainData/img/image_2090.h5,/Users/anykong/AAL_SD/data/Landslide4Sense/TrainData/mask/image_2090.h5
image_853,/Users/anykong/AAL_SD/data/Landslide4Sense/TrainData/img/image_853.h5,/Users/anykong/AAL_SD/data/Landslide4Sense/TrainData/mask/image_853.h5
image_3462,/Users/anykong/AAL_SD/data/Landslide4Sense/TrainData/img/image_3462.h5,/Users/anykong/AAL_SD/data/Landslide4Sense/TrainData/mask/image_3462.h5
image_2935,/Users/anykong/AAL_SD/data/Landslide4Sense/TrainData/img/image_2935.h5,/Users/anykong/AAL_SD/data/Landslide4Sense/TrainData/mask/image_2935.h5
image_119,/Users/anykong/AAL_SD/data/Landslide4Sense/TrainData/img/image_119.h5,/Users/anykong/AAL_SD/data/Landslide4Sense/TrainData/mask/image_119.h5
image_3510,/Users/anykong/AAL_SD/data/Landslide4Sense/TrainData/img/image_3510.h5,/Users/anykong/AAL_SD/data/Landslide4Sense/TrainData/mask/image_3510.h5
image_2301,/Users/anykong/AAL_SD/data/Landslide4Sense/TrainData/img/image_2301.h5,/Users/anykong/AAL_SD/data/Landslide4Sense/TrainData/mask/image_2301.h5
image_2825,/Users/anykong/AAL_SD/data/Landslide4Sense/TrainData/img/image_2825.h5,/Users/anykong/AAL_SD/data/Landslide4Sense/TrainData/mask/image_2825.h5
image_523,/Users/anykong/AAL_SD/data/Landslide4Sense/TrainData/img/image_523.h5,/Users/anykong/AAL_SD/data/Landslide4Sense/TrainData/mask/image_523.h5
image_3309,/Users/anykong/AAL_SD/data/Landslide4Sense/TrainData/img/image_3309.h5,/Users/anykong/AAL_SD/data/Landslide4Sense/TrainData/mask/image_3309.h5
image_429,/Users/anykong/AAL_SD/data/Landslide4Sense/TrainData/img/image_429.h5,/Users/anykong/AAL_SD/data/Landslide4Sense/TrainData/mask/image_429.h5
image_220,/Users/anykong/AAL_SD/data/Landslide4Sense/TrainData/img/image_220.h5,/Users/anykong/AAL_SD/data/Landslide4Sense/TrainData/mask/image_220.h5
image_1636,/Users/anykong/AAL_SD/data/Landslide4Sense/TrainData/img/image_1636.h5,/Users/anykong/AAL_SD/data/Landslide4Sense/TrainData/mask/image_1636.h5
image_1421,/Users/anykong/AAL_SD/data/Landslide4Sense/TrainData/img/image_1421.h5,/Users/anykong/AAL_SD/data/Landslide4Sense/TrainData/mask/image_1421.h5
image_1185,/Users/anykong/AAL_SD/data/Landslide4Sense/TrainData/img/image_1185.h5,/Users/anykong/AAL_SD/data/Landslide4Sense/TrainData/mask/image_1185.h5
image_1874,/Users/anykong/AAL_SD/data/Landslide4Sense/TrainData/img/image_1874.h5,/Users/anykong/AAL_SD/data/Landslide4Sense/TrainData/mask/image_1874.h5
image_540,/Users/anykong/AAL_SD/data/Landslide4Sense/TrainData/img/image_540.h5,/Users/anykong/AAL_SD/data/Landslide4Sense/TrainData/mask/image_540.h5
image_2044,/Users/anykong/AAL_SD/data/Landslide4Sense/TrainData/img/image_2044.h5,/Users/anykong/AAL_SD/data/Landslide4Sense/TrainData/mask/image_2044.h5
image_2753,/Users/anykong/AAL_SD/data/Landslide4Sense/TrainData/img/image_2753.h5,/Users/anykong/AAL_SD/data/Landslide4Sense/TrainData/mask/image_2753.h5
image_3604,/Users/anykong/AAL_SD/data/Landslide4Sense/TrainData/img/image_3604.h5,/Users/anykong/AAL_SD/data/Landslide4Sense/TrainData/mask/image_3604.h5
image_1068,/Users/anykong/AAL_SD/data/Landslide4Sense/TrainData/img/image_1068.h5,/Users/anykong/AAL_SD/data/Landslide4Sense/TrainData/mask/image_1068.h5
image_3312,/Users/anykong/AAL_SD/data/Landslide4Sense/TrainData/img/image_3312.h5,/Users/anykong/AAL_SD/data/Landslide4Sense/TrainData/mask/image_3312.h5
image_3608,/Users/anykong/AAL_SD/data/Landslide4Sense/TrainData/img/image_3608.h5,/Users/anykong/AAL_SD/data/Landslide4Sense/TrainData/mask/image_3608.h5
image_1169,/Users/anykong/AAL_SD/data/Landslide4Sense/TrainData/img/image_1169.h5,/Users/anykong/AAL_SD/data/Landslide4Sense/TrainData/mask/image_1169.h5
image_2568,/Users/anykong/AAL_SD/data/Landslide4Sense/TrainData/img/image_2568.h5,/Users/anykong/AAL_SD/data/Landslide4Sense/TrainData/mask/image_2568.h5
image_1560,/Users/anykong/AAL_SD/data/Landslide4Sense/TrainData/img/image_1560.h5,/Users/anykong/AAL_SD/data/Landslide4Sense/TrainData/mask/image_1560.h5
image_1829,/Users/anykong/AAL_SD/data/Landslide4Sense/TrainData/img/image_1829.h5,/Users/anykong/AAL_SD/data/Landslide4Sense/TrainData/mask/image_1829.h5
image_1561,/Users/anykong/AAL_SD/data/Landslide4Sense/TrainData/img/image_1561.h5,/Users/anykong/AAL_SD/data/Landslide4Sense/TrainData/mask/image_1561.h5
image_1891,/Users/anykong/AAL_SD/data/Landslide4Sense/TrainData/img/image_1891.h5,/Users/anykong/AAL_SD/data/Landslide4Sense/TrainData/mask/image_1891.h5
image_2875,/Users/anykong/AAL_SD/data/Landslide4Sense/TrainData/img/image_2875.h5,/Users/anykong/AAL_SD/data/Landslide4Sense/TrainData/mask/image_2875.h5
image_1974,/Users/anykong/AAL_SD/data/Landslide4Sense/TrainData/img/image_1974.h5,/Users/anykong/AAL_SD/data/Landslide4Sense/TrainData/mask/image_1974.h5
image_1176,/Users/anykong/AAL_SD/data/Landslide4Sense/TrainData/img/image_1176.h5,/Users/anykong/AAL_SD/data/Landslide4Sense/TrainData/mask/image_1176.h5
image_983,/Users/anykong/AAL_SD/data/Landslide4Sense/TrainData/img/image_983.h5,/Users/anykong/AAL_SD/data/Landslide4Sense/TrainData/mask/image_983.h5
image_85,/Users/anykong/AAL_SD/data/Landslide4Sense/TrainData/img/image_85.h5,/Users/anykong/AAL_SD/data/Landslide4Sense/TrainData/mask/image_85.h5
image_120,/Users/anykong/AAL_SD/data/Landslide4Sense/TrainData/img/image_120.h5,/Users/anykong/AAL_SD/data/Landslide4Sense/TrainData/mask/image_120.h5
image_2154,/Users/anykong/AAL_SD/data/Landslide4Sense/TrainData/img/image_2154.h5,/Users/anykong/AAL_SD/data/Landslide4Sense/TrainData/mask/image_2154.h5
image_2851,/Users/anykong/AAL_SD/data/Landslide4Sense/TrainData/img/image_2851.h5,/Users/anykong/AAL_SD/data/Landslide4Sense/TrainData/mask/image_2851.h5
image_1970,/Users/anykong/AAL_SD/data/Landslide4Sense/TrainData/img/image_1970.h5,/Users/anykong/AAL_SD/data/Landslide4Sense/TrainData/mask/image_1970.h5
image_3722,/Users/anykong/AAL_SD/data/Landslide4Sense/TrainData/img/image_3722.h5,/Users/anykong/AAL_SD/data/Landslide4Sense/TrainData/mask/image_3722.h5
image_1477,/Users/anykong/AAL_SD/data/Landslide4Sense/TrainData/img/image_1477.h5,/Users/anykong/AAL_SD/data/Landslide4Sense/TrainData/mask/image_1477.h5
image_3261,/Users/anykong/AAL_SD/data/Landslide4Sense/TrainData/img/image_3261.h5,/Users/anykong/AAL_SD/data/Landslide4Sense/TrainData/mask/image_3261.h5
image_2460,/Users/anykong/AAL_SD/data/Landslide4Sense/TrainData/img/image_2460.h5,/Users/anykong/AAL_SD/data/Landslide4Sense/TrainData/mask/image_2460.h5
image_1287,/Users/anykong/AAL_SD/data/Landslide4Sense/TrainData/img/image_1287.h5,/Users/anykong/AAL_SD/data/Landslide4Sense/TrainData/mask/image_1287.h5
image_1083,/Users/anykong/AAL_SD/data/Landslide4Sense/TrainData/img/image_1083.h5,/Users/anykong/AAL_SD/data/Landslide4Sense/TrainData/mask/image_1083.h5
image_732,/Users/anykong/AAL_SD/data/Landslide4Sense/TrainData/img/image_732.h5,/Users/anykong/AAL_SD/data/Landslide4Sense/TrainData/mask/image_732.h5
image_3292,/Users/anykong/AAL_SD/data/Landslide4Sense/TrainData/img/image_3292.h5,/Users/anykong/AAL_SD/data/Landslide4Sense/TrainData/mask/image_3292.h5
image_507,/Users/anykong/AAL_SD/data/Landslide4Sense/TrainData/img/image_507.h5,/Users/anykong/AAL_SD/data/Landslide4Sense/TrainData/mask/image_507.h5
image_1420,/Users/anykong/AAL_SD/data/Landslide4Sense/TrainData/img/image_1420.h5,/Users/anykong/AAL_SD/data/Landslide4Sense/TrainData/mask/image_1420.h5
image_1883,/Users/anykong/AAL_SD/data/Landslide4Sense/TrainData/img/image_1883.h5,/Users/anykong/AAL_SD/data/Landslide4Sense/TrainData/mask/image_1883.h5
image_3662,/Users/anykong/AAL_SD/data/Landslide4Sense/TrainData/img/image_3662.h5,/Users/anykong/AAL_SD/data/Landslide4Sense/TrainData/mask/image_3662.h5
image_1544,/Users/anykong/AAL_SD/data/Landslide4Sense/TrainData/img/image_1544.h5,/Users/anykong/AAL_SD/data/Landslide4Sense/TrainData/mask/image_1544.h5
image_2078,/Users/anykong/AAL_SD/data/Landslide4Sense/TrainData/img/image_2078.h5,/Users/anykong/AAL_SD/data/Landslide4Sense/TrainData/mask/image_2078.h5
image_471,/Users/anykong/AAL_SD/data/Landslide4Sense/TrainData/img/image_471.h5,/Users/anykong/AAL_SD/data/Landslide4Sense/TrainData/mask/image_471.h5
image_1141,/Users/anykong/AAL_SD/data/Landslide4Sense/TrainData/img/image_1141.h5,/Users/anykong/AAL_SD/data/Landslide4Sense/TrainData/mask/image_1141.h5
image_734,/Users/anykong/AAL_SD/data/Landslide4Sense/TrainData/img/image_734.h5,/Users/anykong/AAL_SD/data/Landslide4Sense/TrainData/mask/image_734.h5
image_2867,/Users/anykong/AAL_SD/data/Landslide4Sense/TrainData/img/image_2867.h5,/Users/anykong/AAL_SD/data/Landslide4Sense/TrainData/mask/image_2867.h5
image_2438,/Users/anykong/AAL_SD/data/Landslide4Sense/TrainData/img/image_2438.h5,/Users/anykong/AAL_SD/data/Landslide4Sense/TrainData/mask/image_2438.h5
image_876,/Users/anykong/AAL_SD/data/Landslide4Sense/TrainData/img/image_876.h5,/Users/anykong/AAL_SD/data/Landslide4Sense/TrainData/mask/image_876.h5
image_3494,/Users/anykong/AAL_SD/data/Landslide4Sense/TrainData/img/image_3494.h5,/Users/anykong/AAL_SD/data/Landslide4Sense/TrainData/mask/image_3494.h5
image_1849,/Users/anykong/AAL_SD/data/Landslide4Sense/TrainData/img/image_1849.h5,/Users/anykong/AAL_SD/data/Landslide4Sense/TrainData/mask/image_1849.h5
image_735,/Users/anykong/AAL_SD/data/Landslide4Sense/TrainData/img/image_735.h5,/Users/anykong/AAL_SD/data/Landslide4Sense/TrainData/mask/image_735.h5
image_899,/Users/anykong/AAL_SD/data/Landslide4Sense/TrainData/img/image_899.h5,/Users/anykong/AAL_SD/data/Landslide4Sense/TrainData/mask/image_899.h5
image_2010,/Users/anykong/AAL_SD/data/Landslide4Sense/TrainData/img/image_2010.h5,/Users/anykong/AAL_SD/data/Landslide4Sense/TrainData/mask/image_2010.h5
image_1549,/Users/anykong/AAL_SD/data/Landslide4Sense/TrainData/img/image_1549.h5,/Users/anykong/AAL_SD/data/Landslide4Sense/TrainData/mask/image_1549.h5
image_1064,/Users/anykong/AAL_SD/data/Landslide4Sense/TrainData/img/image_1064.h5,/Users/anykong/AAL_SD/data/Landslide4Sense/TrainData/mask/image_1064.h5
image_676,/Users/anykong/AAL_SD/data/Landslide4Sense/TrainData/img/image_676.h5,/Users/anykong/AAL_SD/data/Landslide4Sense/TrainData/mask/image_676.h5
image_2236,/Users/anykong/AAL_SD/data/Landslide4Sense/TrainData/img/image_2236.h5,/Users/anykong/AAL_SD/data/Landslide4Sense/TrainData/mask/image_2236.h5
image_1223,/Users/anykong/AAL_SD/data/Landslide4Sense/TrainData/img/image_1223.h5,/Users/anykong/AAL_SD/data/Landslide4Sense/TrainData/mask/image_1223.h5
image_3676,/Users/anykong/AAL_SD/data/Landslide4Sense/TrainData/img/image_3676.h5,/Users/anykong/AAL_SD/data/Landslide4Sense/TrainData/mask/image_3676.h5
image_657,/Users/anykong/AAL_SD/data/Landslide4Sense/TrainData/img/image_657.h5,/Users/anykong/AAL_SD/data/Landslide4Sense/TrainData/mask/image_657.h5
image_3241,/Users/anykong/AAL_SD/data/Landslide4Sense/TrainData/img/image_3241.h5,/Users/anykong/AAL_SD/data/Landslide4Sense/TrainData/mask/image_3241.h5
image_3282,/Users/anykong/AAL_SD/data/Landslide4Sense/TrainData/img/image_3282.h5,/Users/anykong/AAL_SD/data/Landslide4Sense/TrainData/mask/image_3282.h5
image_279,/Users/anykong/AAL_SD/data/Landslide4Sense/TrainData/img/image_279.h5,/Users/anykong/AAL_SD/data/Landslide4Sense/TrainData/mask/image_279.h5
image_2412,/Users/anykong/AAL_SD/data/Landslide4Sense/TrainData/img/image_2412.h5,/Users/anykong/AAL_SD/data/Landslide4Sense/TrainData/mask/image_2412.h5
image_1216,/Users/anykong/AAL_SD/data/Landslide4Sense/TrainData/img/image_1216.h5,/Users/anykong/AAL_SD/data/Landslide4Sense/TrainData/mask/image_1216.h5
image_1472,/Users/anykong/AAL_SD/data/Landslide4Sense/TrainData/img/image_1472.h5,/Users/anykong/AAL_SD/data/Landslide4Sense/TrainData/mask/image_1472.h5
image_2007,/Users/anykong/AAL_SD/data/Landslide4Sense/TrainData/img/image_2007.h5,/Users/anykong/AAL_SD/data/Landslide4Sense/TrainData/mask/image_2007.h5
image_1029,/Users/anykong/AAL_SD/data/Landslide4Sense/TrainData/img/image_1029.h5,/Users/anykong/AAL_SD/data/Landslide4Sense/TrainData/mask/image_1029.h5
image_897,/Users/anykong/AAL_SD/data/Landslide4Sense/TrainData/img/image_897.h5,/Users/anykong/AAL_SD/data/Landslide4Sense/TrainData/mask/image_897.h5
image_159,/Users/anykong/AAL_SD/data/Landslide4Sense/TrainData/img/image_159.h5,/Users/anykong/AAL_SD/data/Landslide4Sense/TrainData/mask/image_159.h5
image_1085,/Users/anykong/AAL_SD/data/Landslide4Sense/TrainData/img/image_1085.h5,/Users/anykong/AAL_SD/data/Landslide4Sense/TrainData/mask/image_1085.h5
image_1166,/Users/anykong/AAL_SD/data/Landslide4Sense/TrainData/img/image_1166.h5,/Users/anykong/AAL_SD/data/Landslide4Sense/TrainData/mask/image_1166.h5
image_2134,/Users/anykong/AAL_SD/data/Landslide4Sense/TrainData/img/image_2134.h5,/Users/anykong/AAL_SD/data/Landslide4Sense/TrainData/mask/image_2134.h5
image_3257,/Users/anykong/AAL_SD/data/Landslide4Sense/TrainData/img/image_3257.h5,/Users/anykong/AAL_SD/data/Landslide4Sense/TrainData/mask/image_3257.h5
image_1157,/Users/anykong/AAL_SD/data/Landslide4Sense/TrainData/img/image_1157.h5,/Users/anykong/AAL_SD/data/Landslide4Sense/TrainData/mask/image_1157.h5
image_1518,/Users/anykong/AAL_SD/data/Landslide4Sense/TrainData/img/image_1518.h5,/Users/anykong/AAL_SD/data/Landslide4Sense/TrainData/mask/image_1518.h5
image_1066,/Users/anykong/AAL_SD/data/Landslide4Sense/TrainData/img/image_1066.h5,/Users/anykong/AAL_SD/data/Landslide4Sense/TrainData/mask/image_1066.h5
image_2284,/Users/anykong/AAL_SD/data/Landslide4Sense/TrainData/img/image_2284.h5,/Users/anykong/AAL_SD/data/Landslide4Sense/TrainData/mask/image_2284.h5
image_1396,/Users/anykong/AAL_SD/data/Landslide4Sense/TrainData/img/image_1396.h5,/Users/anykong/AAL_SD/data/Landslide4Sense/TrainData/mask/image_1396.h5
image_611,/Users/anykong/AAL_SD/data/Landslide4Sense/TrainData/img/image_611.h5,/Users/anykong/AAL_SD/data/Landslide4Sense/TrainData/mask/image_611.h5
image_2624,/Users/anykong/AAL_SD/data/Landslide4Sense/TrainData/img/image_2624.h5,/Users/anykong/AAL_SD/data/Landslide4Sense/TrainData/mask/image_2624.h5
image_1442,/Users/anykong/AAL_SD/data/Landslide4Sense/TrainData/img/image_1442.h5,/Users/anykong/AAL_SD/data/Landslide4Sense/TrainData/mask/image_1442.h5
image_3484,/Users/anykong/AAL_SD/data/Landslide4Sense/TrainData/img/image_3484.h5,/Users/anykong/AAL_SD/data/Landslide4Sense/TrainData/mask/image_3484.h5
image_1138,/Users/anykong/AAL_SD/data/Landslide4Sense/TrainData/img/image_1138.h5,/Users/anykong/AAL_SD/data/Landslide4Sense/TrainData/mask/image_1138.h5
image_1272,/Users/anykong/AAL_SD/data/Landslide4Sense/TrainData/img/image_1272.h5,/Users/anykong/AAL_SD/data/Landslide4Sense/TrainData/mask/image_1272.h5
image_2528,/Users/anykong/AAL_SD/data/Landslide4Sense/TrainData/img/image_2528.h5,/Users/anykong/AAL_SD/data/Landslide4Sense/TrainData/mask/image_2528.h5
image_293,/Users/anykong/AAL_SD/data/Landslide4Sense/TrainData/img/image_293.h5,/Users/anykong/AAL_SD/data/Landslide4Sense/TrainData/mask/image_293.h5
image_3774,/Users/anykong/AAL_SD/data/Landslide4Sense/TrainData/img/image_3774.h5,/Users/anykong/AAL_SD/data/Landslide4Sense/TrainData/mask/image_3774.h5
image_3669,/Users/anykong/AAL_SD/data/Landslide4Sense/TrainData/img/image_3669.h5,/Users/anykong/AAL_SD/data/Landslide4Sense/TrainData/mask/image_3669.h5
image_3272,/Users/anykong/AAL_SD/data/Landslide4Sense/TrainData/img/image_3272.h5,/Users/anykong/AAL_SD/data/Landslide4Sense/TrainData/mask/image_3272.h5
image_2923,/Users/anykong/AAL_SD/data/Landslide4Sense/TrainData/img/image_2923.h5,/Users/anykong/AAL_SD/data/Landslide4Sense/TrainData/mask/image_2923.h5
image_194,/Users/anykong/AAL_SD/data/Landslide4Sense/TrainData/img/image_194.h5,/Users/anykong/AAL_SD/data/Landslide4Sense/TrainData/mask/image_194.h5
image_298,/Users/anykong/AAL_SD/data/Landslide4Sense/TrainData/img/image_298.h5,/Users/anykong/AAL_SD/data/Landslide4Sense/TrainData/mask/image_298.h5
image_1035,/Users/anykong/AAL_SD/data/Landslide4Sense/TrainData/img/image_1035.h5,/Users/anykong/AAL_SD/data/Landslide4Sense/TrainData/mask/image_1035.h5
image_1758,/Users/anykong/AAL_SD/data/Landslide4Sense/TrainData/img/image_1758.h5,/Users/anykong/AAL_SD/data/Landslide4Sense/TrainData/mask/image_1758.h5
image_2486,/Users/anykong/AAL_SD/data/Landslide4Sense/TrainData/img/image_2486.h5,/Users/anykong/AAL_SD/data/Landslide4Sense/TrainData/mask/image_2486.h5
image_3446,/Users/anykong/AAL_SD/data/Landslide4Sense/TrainData/img/image_3446.h5,/Users/anykong/AAL_SD/data/Landslide4Sense/TrainData/mask/image_3446.h5
image_1959,/Users/anykong/AAL_SD/data/Landslide4Sense/TrainData/img/image_1959.h5,/Users/anykong/AAL_SD/data/Landslide4Sense/TrainData/mask/image_1959.h5
image_3715,/Users/anykong/AAL_SD/data/Landslide4Sense/TrainData/img/image_3715.h5,/Users/anykong/AAL_SD/data/Landslide4Sense/TrainData/mask/image_3715.h5
image_2583,/Users/anykong/AAL_SD/data/Landslide4Sense/TrainData/img/image_2583.h5,/Users/anykong/AAL_SD/data/Landslide4Sense/TrainData/mask/image_2583.h5
image_2539,/Users/anykong/AAL_SD/data/Landslide4Sense/TrainData/img/image_2539.h5,/Users/anykong/AAL_SD/data/Landslide4Sense/TrainData/mask/image_2539.h5
image_3516,/Users/anykong/AAL_SD/data/Landslide4Sense/TrainData/img/image_3516.h5,/Users/anykong/AAL_SD/data/Landslide4Sense/TrainData/mask/image_3516.h5
image_1145,/Users/anykong/AAL_SD/data/Landslide4Sense/TrainData/img/image_1145.h5,/Users/anykong/AAL_SD/data/Landslide4Sense/TrainData/mask/image_1145.h5
image_2897,/Users/anykong/AAL_SD/data/Landslide4Sense/TrainData/img/image_2897.h5,/Users/anykong/AAL_SD/data/Landslide4Sense/TrainData/mask/image_2897.h5
image_1879,/Users/anykong/AAL_SD/data/Landslide4Sense/TrainData/img/image_1879.h5,/Users/anykong/AAL_SD/data/Landslide4Sense/TrainData/mask/image_1879.h5
image_171,/Users/anykong/AAL_SD/data/Landslide4Sense/TrainData/img/image_171.h5,/Users/anykong/AAL_SD/data/Landslide4Sense/TrainData/mask/image_171.h5
image_3327,/Users/anykong/AAL_SD/data/Landslide4Sense/TrainData/img/image_3327.h5,/Users/anykong/AAL_SD/data/Landslide4Sense/TrainData/mask/image_3327.h5
image_3387,/Users/anykong/AAL_SD/data/Landslide4Sense/TrainData/img/image_3387.h5,/Users/anykong/AAL_SD/data/Landslide4Sense/TrainData/mask/image_3387.h5
image_2012,/Users/anykong/AAL_SD/data/Landslide4Sense/TrainData/img/image_2012.h5,/Users/anykong/AAL_SD/data/Landslide4Sense/TrainData/mask/image_2012.h5
image_571,/Users/anykong/AAL_SD/data/Landslide4Sense/TrainData/img/image_571.h5,/Users/anykong/AAL_SD/data/Landslide4Sense/TrainData/mask/image_571.h5
image_2331,/Users/anykong/AAL_SD/data/Landslide4Sense/TrainData/img/image_2331.h5,/Users/anykong/AAL_SD/data/Landslide4Sense/TrainData/mask/image_2331.h5
image_417,/Users/anykong/AAL_SD/data/Landslide4Sense/TrainData/img/image_417.h5,/Users/anykong/AAL_SD/data/Landslide4Sense/TrainData/mask/image_417.h5
image_1286,/Users/anykong/AAL_SD/data/Landslide4Sense/TrainData/img/image_1286.h5,/Users/anykong/AAL_SD/data/Landslide4Sense/TrainData/mask/image_1286.h5
image_2341,/Users/anykong/AAL_SD/data/Landslide4Sense/TrainData/img/image_2341.h5,/Users/anykong/AAL_SD/data/Landslide4Sense/TrainData/mask/image_2341.h5
image_2320,/Users/anykong/AAL_SD/data/Landslide4Sense/TrainData/img/image_2320.h5,/Users/anykong/AAL_SD/data/Landslide4Sense/TrainData/mask/image_2320.h5
image_3383,/Users/anykong/AAL_SD/data/Landslide4Sense/TrainData/img/image_3383.h5,/Users/anykong/AAL_SD/data/Landslide4Sense/TrainData/mask/image_3383.h5
image_579,/Users/anykong/AAL_SD/data/Landslide4Sense/TrainData/img/image_579.h5,/Users/anykong/AAL_SD/data/Landslide4Sense/TrainData/mask/image_579.h5
image_2699,/Users/anykong/AAL_SD/data/Landslide4Sense/TrainData/img/image_2699.h5,/Users/anykong/AAL_SD/data/Landslide4Sense/TrainData/mask/image_2699.h5
image_2873,/Users/anykong/AAL_SD/data/Landslide4Sense/TrainData/img/image_2873.h5,/Users/anykong/AAL_SD/data/Landslide4Sense/TrainData/mask/image_2873.h5
image_3339,/Users/anykong/AAL_SD/data/Landslide4Sense/TrainData/img/image_3339.h5,/Users/anykong/AAL_SD/data/Landslide4Sense/TrainData/mask/image_3339.h5
image_3428,/Users/anykong/AAL_SD/data/Landslide4Sense/TrainData/img/image_3428.h5,/Users/anykong/AAL_SD/data/Landslide4Sense/TrainData/mask/image_3428.h5
image_3754,/Users/anykong/AAL_SD/data/Landslide4Sense/TrainData/img/image_3754.h5,/Users/anykong/AAL_SD/data/Landslide4Sense/TrainData/mask/image_3754.h5
image_2816,/Users/anykong/AAL_SD/data/Landslide4Sense/TrainData/img/image_2816.h5,/Users/anykong/AAL_SD/data/Landslide4Sense/TrainData/mask/image_2816.h5
image_3263,/Users/anykong/AAL_SD/data/Landslide4Sense/TrainData/img/image_3263.h5,/Users/anykong/AAL_SD/data/Landslide4Sense/TrainData/mask/image_3263.h5
image_1598,/Users/anykong/AAL_SD/data/Landslide4Sense/TrainData/img/image_1598.h5,/Users/anykong/AAL_SD/data/Landslide4Sense/TrainData/mask/image_1598.h5
image_2863,/Users/anykong/AAL_SD/data/Landslide4Sense/TrainData/img/image_2863.h5,/Users/anykong/AAL_SD/data/Landslide4Sense/TrainData/mask/image_2863.h5
image_2376,/Users/anykong/AAL_SD/data/Landslide4Sense/TrainData/img/image_2376.h5,/Users/anykong/AAL_SD/data/Landslide4Sense/TrainData/mask/image_2376.h5
image_1918,/Users/anykong/AAL_SD/data/Landslide4Sense/TrainData/img/image_1918.h5,/Users/anykong/AAL_SD/data/Landslide4Sense/TrainData/mask/image_1918.h5
image_3592,/Users/anykong/AAL_SD/data/Landslide4Sense/TrainData/img/image_3592.h5,/Users/anykong/AAL_SD/data/Landslide4Sense/TrainData/mask/image_3592.h5
image_3463,/Users/anykong/AAL_SD/data/Landslide4Sense/TrainData/img/image_3463.h5,/Users/anykong/AAL_SD/data/Landslide4Sense/TrainData/mask/image_3463.h5
image_2612,/Users/anykong/AAL_SD/data/Landslide4Sense/TrainData/img/image_2612.h5,/Users/anykong/AAL_SD/data/Landslide4Sense/TrainData/mask/image_2612.h5
image_3095,/Users/anykong/AAL_SD/data/Landslide4Sense/TrainData/img/image_3095.h5,/Users/anykong/AAL_SD/data/Landslide4Sense/TrainData/mask/image_3095.h5
image_2100,/Users/anykong/AAL_SD/data/Landslide4Sense/TrainData/img/image_2100.h5,/Users/anykong/AAL_SD/data/Landslide4Sense/TrainData/mask/image_2100.h5
image_205,/Users/anykong/AAL_SD/data/Landslide4Sense/TrainData/img/image_205.h5,/Users/anykong/AAL_SD/data/Landslide4Sense/TrainData/mask/image_205.h5
image_3170,/Users/anykong/AAL_SD/data/Landslide4Sense/TrainData/img/image_3170.h5,/Users/anykong/AAL_SD/data/Landslide4Sense/TrainData/mask/image_3170.h5
image_2098,/Users/anykong/AAL_SD/data/Landslide4Sense/TrainData/img/image_2098.h5,/Users/anykong/AAL_SD/data/Landslide4Sense/TrainData/mask/image_2098.h5
image_1302,/Users/anykong/AAL_SD/data/Landslide4Sense/TrainData/img/image_1302.h5,/Users/anykong/AAL_SD/data/Landslide4Sense/TrainData/mask/image_1302.h5
image_918,/Users/anykong/AAL_SD/data/Landslide4Sense/TrainData/img/image_918.h5,/Users/anykong/AAL_SD/data/Landslide4Sense/TrainData/mask/image_918.h5
image_2272,/Users/anykong/AAL_SD/data/Landslide4Sense/TrainData/img/image_2272.h5,/Users/anykong/AAL_SD/data/Landslide4Sense/TrainData/mask/image_2272.h5
image_2411,/Users/anykong/AAL_SD/data/Landslide4Sense/TrainData/img/image_2411.h5,/Users/anykong/AAL_SD/data/Landslide4Sense/TrainData/mask/image_2411.h5
image_1983,/Users/anykong/AAL_SD/data/Landslide4Sense/TrainData/img/image_1983.h5,/Users/anykong/AAL_SD/data/Landslide4Sense/TrainData/mask/image_1983.h5
image_1765,/Users/anykong/AAL_SD/data/Landslide4Sense/TrainData/img/image_1765.h5,/Users/anykong/AAL_SD/data/Landslide4Sense/TrainData/mask/image_1765.h5
image_745,/Users/anykong/AAL_SD/data/Landslide4Sense/TrainData/img/image_745.h5,/Users/anykong/AAL_SD/data/Landslide4Sense/TrainData/mask/image_745.h5
image_2222,/Users/anykong/AAL_SD/data/Landslide4Sense/TrainData/img/image_2222.h5,/Users/anykong/AAL_SD/data/Landslide4Sense/TrainData/mask/image_2222.h5
image_2726,/Users/anykong/AAL_SD/data/Landslide4Sense/TrainData/img/image_2726.h5,/Users/anykong/AAL_SD/data/Landslide4Sense/TrainData/mask/image_2726.h5
image_905,/Users/anykong/AAL_SD/data/Landslide4Sense/TrainData/img/image_905.h5,/Users/anykong/AAL_SD/data/Landslide4Sense/TrainData/mask/image_905.h5
image_3710,/Users/anykong/AAL_SD/data/Landslide4Sense/TrainData/img/image_3710.h5,/Users/anykong/AAL_SD/data/Landslide4Sense/TrainData/mask/image_3710.h5
image_1559,/Users/anykong/AAL_SD/data/Landslide4Sense/TrainData/img/image_1559.h5,/Users/anykong/AAL_SD/data/Landslide4Sense/TrainData/mask/image_1559.h5
image_1206,/Users/anykong/AAL_SD/data/Landslide4Sense/TrainData/img/image_1206.h5,/Users/anykong/AAL_SD/data/Landslide4Sense/TrainData/mask/image_1206.h5
image_1931,/Users/anykong/AAL_SD/data/Landslide4Sense/TrainData/img/image_1931.h5,/Users/anykong/AAL_SD/data/Landslide4Sense/TrainData/mask/image_1931.h5
image_2196,/Users/anykong/AAL_SD/data/Landslide4Sense/TrainData/img/image_2196.h5,/Users/anykong/AAL_SD/data/Landslide4Sense/TrainData/mask/image_2196.h5
image_2835,/Users/anykong/AAL_SD/data/Landslide4Sense/TrainData/img/image_2835.h5,/Users/anykong/AAL_SD/data/Landslide4Sense/TrainData/mask/image_2835.h5
image_977,/Users/anykong/AAL_SD/data/Landslide4Sense/TrainData/img/image_977.h5,/Users/anykong/AAL_SD/data/Landslide4Sense/TrainData/mask/image_977.h5
image_2069,/Users/anykong/AAL_SD/data/Landslide4Sense/TrainData/img/image_2069.h5,/Users/anykong/AAL_SD/data/Landslide4Sense/TrainData/mask/image_2069.h5
image_2693,/Users/anykong/AAL_SD/data/Landslide4Sense/TrainData/img/image_2693.h5,/Users/anykong/AAL_SD/data/Landslide4Sense/TrainData/mask/image_2693.h5
image_691,/Users/anykong/AAL_SD/data/Landslide4Sense/TrainData/img/image_691.h5,/Users/anykong/AAL_SD/data/Landslide4Sense/TrainData/mask/image_691.h5
image_510,/Users/anykong/AAL_SD/data/Landslide4Sense/TrainData/img/image_510.h5,/Users/anykong/AAL_SD/data/Landslide4Sense/TrainData/mask/image_510.h5
image_2903,/Users/anykong/AAL_SD/data/Landslide4Sense/TrainData/img/image_2903.h5,/Users/anykong/AAL_SD/data/Landslide4Sense/TrainData/mask/image_2903.h5
image_3434,/Users/anykong/AAL_SD/data/Landslide4Sense/TrainData/img/image_3434.h5,/Users/anykong/AAL_SD/data/Landslide4Sense/TrainData/mask/image_3434.h5
image_2791,/Users/anykong/AAL_SD/data/Landslide4Sense/TrainData/img/image_2791.h5,/Users/anykong/AAL_SD/data/Landslide4Sense/TrainData/mask/image_2791.h5
image_823,/Users/anykong/AAL_SD/data/Landslide4Sense/TrainData/img/image_823.h5,/Users/anykong/AAL_SD/data/Landslide4Sense/TrainData/mask/image_823.h5
image_733,/Users/anykong/AAL_SD/data/Landslide4Sense/TrainData/img/image_733.h5,/Users/anykong/AAL_SD/data/Landslide4Sense/TrainData/mask/image_733.h5
image_917,/Users/anykong/AAL_SD/data/Landslide4Sense/TrainData/img/image_917.h5,/Users/anykong/AAL_SD/data/Landslide4Sense/TrainData/mask/image_917.h5
image_961,/Users/anykong/AAL_SD/data/Landslide4Sense/TrainData/img/image_961.h5,/Users/anykong/AAL_SD/data/Landslide4Sense/TrainData/mask/image_961.h5
image_941,/Users/anykong/AAL_SD/data/Landslide4Sense/TrainData/img/image_941.h5,/Users/anykong/AAL_SD/data/Landslide4Sense/TrainData/mask/image_941.h5
image_500,/Users/anykong/AAL_SD/data/Landslide4Sense/TrainData/img/image_500.h5,/Users/anykong/AAL_SD/data/Landslide4Sense/TrainData/mask/image_500.h5
image_698,/Users/anykong/AAL_SD/data/Landslide4Sense/TrainData/img/image_698.h5,/Users/anykong/AAL_SD/data/Landslide4Sense/TrainData/mask/image_698.h5
image_1109,/Users/anykong/AAL_SD/data/Landslide4Sense/TrainData/img/image_1109.h5,/Users/anykong/AAL_SD/data/Landslide4Sense/TrainData/mask/image_1109.h5
image_1889,/Users/anykong/AAL_SD/data/Landslide4Sense/TrainData/img/image_1889.h5,/Users/anykong/AAL_SD/data/Landslide4Sense/TrainData/mask/image_1889.h5
image_2655,/Users/anykong/AAL_SD/data/Landslide4Sense/TrainData/img/image_2655.h5,/Users/anykong/AAL_SD/data/Landslide4Sense/TrainData/mask/image_2655.h5
image_2893,/Users/anykong/AAL_SD/data/Landslide4Sense/TrainData/img/image_2893.h5,/Users/anykong/AAL_SD/data/Landslide4Sense/TrainData/mask/image_2893.h5
image_1562,/Users/anykong/AAL_SD/data/Landslide4Sense/TrainData/img/image_1562.h5,/Users/anykong/AAL_SD/data/Landslide4Sense/TrainData/mask/image_1562.h5
image_2317,/Users/anykong/AAL_SD/data/Landslide4Sense/TrainData/img/image_2317.h5,/Users/anykong/AAL_SD/data/Landslide4Sense/TrainData/mask/image_2317.h5
image_3251,/Users/anykong/AAL_SD/data/Landslide4Sense/TrainData/img/image_3251.h5,/Users/anykong/AAL_SD/data/Landslide4Sense/TrainData/mask/image_3251.h5
image_2755,/Users/anykong/AAL_SD/data/Landslide4Sense/TrainData/img/image_2755.h5,/Users/anykong/AAL_SD/data/Landslide4Sense/TrainData/mask/image_2755.h5
image_362,/Users/anykong/AAL_SD/data/Landslide4Sense/TrainData/img/image_362.h5,/Users/anykong/AAL_SD/data/Landslide4Sense/TrainData/mask/image_362.h5
image_1564,/Users/anykong/AAL_SD/data/Landslide4Sense/TrainData/img/image_1564.h5,/Users/anykong/AAL_SD/data/Landslide4Sense/TrainData/mask/image_1564.h5
image_1973,/Users/anykong/AAL_SD/data/Landslide4Sense/TrainData/img/image_1973.h5,/Users/anykong/AAL_SD/data/Landslide4Sense/TrainData/mask/image_1973.h5
image_614,/Users/anykong/AAL_SD/data/Landslide4Sense/TrainData/img/image_614.h5,/Users/anykong/AAL_SD/data/Landslide4Sense/TrainData/mask/image_614.h5
image_1146,/Users/anykong/AAL_SD/data/Landslide4Sense/TrainData/img/image_1146.h5,/Users/anykong/AAL_SD/data/Landslide4Sense/TrainData/mask/image_1146.h5
image_727,/Users/anykong/AAL_SD/data/Landslide4Sense/TrainData/img/image_727.h5,/Users/anykong/AAL_SD/data/Landslide4Sense/TrainData/mask/image_727.h5
image_546,/Users/anykong/AAL_SD/data/Landslide4Sense/TrainData/img/image_546.h5,/Users/anykong/AAL_SD/data/Landslide4Sense/TrainData/mask/image_546.h5
image_258,/Users/anykong/AAL_SD/data/Landslide4Sense/TrainData/img/image_258.h5,/Users/anykong/AAL_SD/data/Landslide4Sense/TrainData/mask/image_258.h5
image_2235,/Users/anykong/AAL_SD/data/Landslide4Sense/TrainData/img/image_2235.h5,/Users/anykong/AAL_SD/data/Landslide4Sense/TrainData/mask/image_2235.h5
image_1513,/Users/anykong/AAL_SD/data/Landslide4Sense/TrainData/img/image_1513.h5,/Users/anykong/AAL_SD/data/Landslide4Sense/TrainData/mask/image_1513.h5
image_1019,/Users/anykong/AAL_SD/data/Landslide4Sense/TrainData/img/image_1019.h5,/Users/anykong/AAL_SD/data/Landslide4Sense/TrainData/mask/image_1019.h5
image_705,/Users/anykong/AAL_SD/data/Landslide4Sense/TrainData/img/image_705.h5,/Users/anykong/AAL_SD/data/Landslide4Sense/TrainData/mask/image_705.h5
image_1600,/Users/anykong/AAL_SD/data/Landslide4Sense/TrainData/img/image_1600.h5,/Users/anykong/AAL_SD/data/Landslide4Sense/TrainData/mask/image_1600.h5
image_3308,/Users/anykong/AAL_SD/data/Landslide4Sense/TrainData/img/image_3308.h5,/Users/anykong/AAL_SD/data/Landslide4Sense/TrainData/mask/image_3308.h5
image_2946,/Users/anykong/AAL_SD/data/Landslide4Sense/TrainData/img/image_2946.h5,/Users/anykong/AAL_SD/data/Landslide4Sense/TrainData/mask/image_2946.h5
image_2386,/Users/anykong/AAL_SD/data/Landslide4Sense/TrainData/img/image_2386.h5,/Users/anykong/AAL_SD/data/Landslide4Sense/TrainData/mask/image_2386.h5
image_130,/Users/anykong/AAL_SD/data/Landslide4Sense/TrainData/img/image_130.h5,/Users/anykong/AAL_SD/data/Landslide4Sense/TrainData/mask/image_130.h5
image_2818,/Users/anykong/AAL_SD/data/Landslide4Sense/TrainData/img/image_2818.h5,/Users/anykong/AAL_SD/data/Landslide4Sense/TrainData/mask/image_2818.h5
image_2947,/Users/anykong/AAL_SD/data/Landslide4Sense/TrainData/img/image_2947.h5,/Users/anykong/AAL_SD/data/Landslide4Sense/TrainData/mask/image_2947.h5
image_206,/Users/anykong/AAL_SD/data/Landslide4Sense/TrainData/img/image_206.h5,/Users/anykong/AAL_SD/data/Landslide4Sense/TrainData/mask/image_206.h5
image_742,/Users/anykong/AAL_SD/data/Landslide4Sense/TrainData/img/image_742.h5,/Users/anykong/AAL_SD/data/Landslide4Sense/TrainData/mask/image_742.h5
image_3496,/Users/anykong/AAL_SD/data/Landslide4Sense/TrainData/img/image_3496.h5,/Users/anykong/AAL_SD/data/Landslide4Sense/TrainData/mask/image_3496.h5
image_2547,/Users/anykong/AAL_SD/data/Landslide4Sense/TrainData/img/image_2547.h5,/Users/anykong/AAL_SD/data/Landslide4Sense/TrainData/mask/image_2547.h5
image_675,/Users/anykong/AAL_SD/data/Landslide4Sense/TrainData/img/image_675.h5,/Users/anykong/AAL_SD/data/Landslide4Sense/TrainData/mask/image_675.h5
image_2615,/Users/anykong/AAL_SD/data/Landslide4Sense/TrainData/img/image_2615.h5,/Users/anykong/AAL_SD/data/Landslide4Sense/TrainData/mask/image_2615.h5
image_1635,/Users/anykong/AAL_SD/data/Landslide4Sense/TrainData/img/image_1635.h5,/Users/anykong/AAL_SD/data/Landslide4Sense/TrainData/mask/image_1635.h5
image_53,/Users/anykong/AAL_SD/data/Landslide4Sense/TrainData/img/image_53.h5,/Users/anykong/AAL_SD/data/Landslide4Sense/TrainData/mask/image_53.h5
image_388,/Users/anykong/AAL_SD/data/Landslide4Sense/TrainData/img/image_388.h5,/Users/anykong/AAL_SD/data/Landslide4Sense/TrainData/mask/image_388.h5
image_726,/Users/anykong/AAL_SD/data/Landslide4Sense/TrainData/img/image_726.h5,/Users/anykong/AAL_SD/data/Landslide4Sense/TrainData/mask/image_726.h5
image_1711,/Users/anykong/AAL_SD/data/Landslide4Sense/TrainData/img/image_1711.h5,/Users/anykong/AAL_SD/data/Landslide4Sense/TrainData/mask/image_1711.h5
image_3514,/Users/anykong/AAL_SD/data/Landslide4Sense/TrainData/img/image_3514.h5,/Users/anykong/AAL_SD/data/Landslide4Sense/TrainData/mask/image_3514.h5
image_3288,/Users/anykong/AAL_SD/data/Landslide4Sense/TrainData/img/image_3288.h5,/Users/anykong/AAL_SD/data/Landslide4Sense/TrainData/mask/image_3288.h5
image_124,/Users/anykong/AAL_SD/data/Landslide4Sense/TrainData/img/image_124.h5,/Users/anykong/AAL_SD/data/Landslide4Sense/TrainData/mask/image_124.h5
image_2521,/Users/anykong/AAL_SD/data/Landslide4Sense/TrainData/img/image_2521.h5,/Users/anykong/AAL_SD/data/Landslide4Sense/TrainData/mask/image_2521.h5
image_1108,/Users/anykong/AAL_SD/data/Landslide4Sense/TrainData/img/image_1108.h5,/Users/anykong/AAL_SD/data/Landslide4Sense/TrainData/mask/image_1108.h5
image_3321,/Users/anykong/AAL_SD/data/Landslide4Sense/TrainData/img/image_3321.h5,/Users/anykong/AAL_SD/data/Landslide4Sense/TrainData/mask/image_3321.h5
image_373,/Users/anykong/AAL_SD/data/Landslide4Sense/TrainData/img/image_373.h5,/Users/anykong/AAL_SD/data/Landslide4Sense/TrainData/mask/image_373.h5
image_2831,/Users/anykong/AAL_SD/data/Landslide4Sense/TrainData/img/image_2831.h5,/Users/anykong/AAL_SD/data/Landslide4Sense/TrainData/mask/image_2831.h5
image_2714,/Users/anykong/AAL_SD/data/Landslide4Sense/TrainData/img/image_2714.h5,/Users/anykong/AAL_SD/data/Landslide4Sense/TrainData/mask/image_2714.h5
image_892,/Users/anykong/AAL_SD/data/Landslide4Sense/TrainData/img/image_892.h5,/Users/anykong/AAL_SD/data/Landslide4Sense/TrainData/mask/image_892.h5
image_2502,/Users/anykong/AAL_SD/data/Landslide4Sense/TrainData/img/image_2502.h5,/Users/anykong/AAL_SD/data/Landslide4Sense/TrainData/mask/image_2502.h5
image_1667,/Users/anykong/AAL_SD/data/Landslide4Sense/TrainData/img/image_1667.h5,/Users/anykong/AAL_SD/data/Landslide4Sense/TrainData/mask/image_1667.h5
image_2499,/Users/anykong/AAL_SD/data/Landslide4Sense/TrainData/img/image_2499.h5,/Users/anykong/AAL_SD/data/Landslide4Sense/TrainData/mask/image_2499.h5
image_3289,/Users/anykong/AAL_SD/data/Landslide4Sense/TrainData/img/image_3289.h5,/Users/anykong/AAL_SD/data/Landslide4Sense/TrainData/mask/image_3289.h5
image_2773,/Users/anykong/AAL_SD/data/Landslide4Sense/TrainData/img/image_2773.h5,/Users/anykong/AAL_SD/data/Landslide4Sense/TrainData/mask/image_2773.h5
image_2323,/Users/anykong/AAL_SD/data/Landslide4Sense/TrainData/img/image_2323.h5,/Users/anykong/AAL_SD/data/Landslide4Sense/TrainData/mask/image_2323.h5
image_699,/Users/anykong/AAL_SD/data/Landslide4Sense/TrainData/img/image_699.h5,/Users/anykong/AAL_SD/data/Landslide4Sense/TrainData/mask/image_699.h5
image_3709,/Users/anykong/AAL_SD/data/Landslide4Sense/TrainData/img/image_3709.h5,/Users/anykong/AAL_SD/data/Landslide4Sense/TrainData/mask/image_3709.h5
image_1274,/Users/anykong/AAL_SD/data/Landslide4Sense/TrainData/img/image_1274.h5,/Users/anykong/AAL_SD/data/Landslide4Sense/TrainData/mask/image_1274.h5
image_3009,/Users/anykong/AAL_SD/data/Landslide4Sense/TrainData/img/image_3009.h5,/Users/anykong/AAL_SD/data/Landslide4Sense/TrainData/mask/image_3009.h5
image_688,/Users/anykong/AAL_SD/data/Landslide4Sense/TrainData/img/image_688.h5,/Users/anykong/AAL_SD/data/Landslide4Sense/TrainData/mask/image_688.h5
image_2673,/Users/anykong/AAL_SD/data/Landslide4Sense/TrainData/img/image_2673.h5,/Users/anykong/AAL_SD/data/Landslide4Sense/TrainData/mask/image_2673.h5
image_1158,/Users/anykong/AAL_SD/data/Landslide4Sense/TrainData/img/image_1158.h5,/Users/anykong/AAL_SD/data/Landslide4Sense/TrainData/mask/image_1158.h5
image_1555,/Users/anykong/AAL_SD/data/Landslide4Sense/TrainData/img/image_1555.h5,/Users/anykong/AAL_SD/data/Landslide4Sense/TrainData/mask/image_1555.h5
image_2237,/Users/anykong/AAL_SD/data/Landslide4Sense/TrainData/img/image_2237.h5,/Users/anykong/AAL_SD/data/Landslide4Sense/TrainData/mask/image_2237.h5
image_1972,/Users/anykong/AAL_SD/data/Landslide4Sense/TrainData/img/image_1972.h5,/Users/anykong/AAL_SD/data/Landslide4Sense/TrainData/mask/image_1972.h5
image_282,/Users/anykong/AAL_SD/data/Landslide4Sense/TrainData/img/image_282.h5,/Users/anykong/AAL_SD/data/Landslide4Sense/TrainData/mask/image_282.h5
image_161,/Users/anykong/AAL_SD/data/Landslide4Sense/TrainData/img/image_161.h5,/Users/anykong/AAL_SD/data/Landslide4Sense/TrainData/mask/image_161.h5
image_3197,/Users/anykong/AAL_SD/data/Landslide4Sense/TrainData/img/image_3197.h5,/Users/anykong/AAL_SD/data/Landslide4Sense/TrainData/mask/image_3197.h5
image_1137,/Users/anykong/AAL_SD/data/Landslide4Sense/TrainData/img/image_1137.h5,/Users/anykong/AAL_SD/data/Landslide4Sense/TrainData/mask/image_1137.h5
image_3361,/Users/anykong/AAL_SD/data/Landslide4Sense/TrainData/img/image_3361.h5,/Users/anykong/AAL_SD/data/Landslide4Sense/TrainData/mask/image_3361.h5
image_1798,/Users/anykong/AAL_SD/data/Landslide4Sense/TrainData/img/image_1798.h5,/Users/anykong/AAL_SD/data/Landslide4Sense/TrainData/mask/image_1798.h5
image_1752,/Users/anykong/AAL_SD/data/Landslide4Sense/TrainData/img/image_1752.h5,/Users/anykong/AAL_SD/data/Landslide4Sense/TrainData/mask/image_1752.h5
image_1336,/Users/anykong/AAL_SD/data/Landslide4Sense/TrainData/img/image_1336.h5,/Users/anykong/AAL_SD/data/Landslide4Sense/TrainData/mask/image_1336.h5
image_1807,/Users/anykong/AAL_SD/data/Landslide4Sense/TrainData/img/image_1807.h5,/Users/anykong/AAL_SD/data/Landslide4Sense/TrainData/mask/image_1807.h5
image_3338,/Users/anykong/AAL_SD/data/Landslide4Sense/TrainData/img/image_3338.h5,/Users/anykong/AAL_SD/data/Landslide4Sense/TrainData/mask/image_3338.h5
image_3729,/Users/anykong/AAL_SD/data/Landslide4Sense/TrainData/img/image_3729.h5,/Users/anykong/AAL_SD/data/Landslide4Sense/TrainData/mask/image_3729.h5
image_3765,/Users/anykong/AAL_SD/data/Landslide4Sense/TrainData/img/image_3765.h5,/Users/anykong/AAL_SD/data/Landslide4Sense/TrainData/mask/image_3765.h5
image_3370,/Users/anykong/AAL_SD/data/Landslide4Sense/TrainData/img/image_3370.h5,/Users/anykong/AAL_SD/data/Landslide4Sense/TrainData/mask/image_3370.h5
image_3237,/Users/anykong/AAL_SD/data/Landslide4Sense/TrainData/img/image_3237.h5,/Users/anykong/AAL_SD/data/Landslide4Sense/TrainData/mask/image_3237.h5
image_2785,/Users/anykong/AAL_SD/data/Landslide4Sense/TrainData/img/image_2785.h5,/Users/anykong/AAL_SD/data/Landslide4Sense/TrainData/mask/image_2785.h5
image_2633,/Users/anykong/AAL_SD/data/Landslide4Sense/TrainData/img/image_2633.h5,/Users/anykong/AAL_SD/data/Landslide4Sense/TrainData/mask/image_2633.h5
image_2221,/Users/anykong/AAL_SD/data/Landslide4Sense/TrainData/img/image_2221.h5,/Users/anykong/AAL_SD/data/Landslide4Sense/TrainData/mask/image_2221.h5
image_1778,/Users/anykong/AAL_SD/data/Landslide4Sense/TrainData/img/image_1778.h5,/Users/anykong/AAL_SD/data/Landslide4Sense/TrainData/mask/image_1778.h5
image_2216,/Users/anykong/AAL_SD/data/Landslide4Sense/TrainData/img/image_2216.h5,/Users/anykong/AAL_SD/data/Landslide4Sense/TrainData/mask/image_2216.h5
image_2665,/Users/anykong/AAL_SD/data/Landslide4Sense/TrainData/img/image_2665.h5,/Users/anykong/AAL_SD/data/Landslide4Sense/TrainData/mask/image_2665.h5
image_49,/Users/anykong/AAL_SD/data/Landslide4Sense/TrainData/img/image_49.h5,/Users/anykong/AAL_SD/data/Landslide4Sense/TrainData/mask/image_49.h5
image_1313,/Users/anykong/AAL_SD/data/Landslide4Sense/TrainData/img/image_1313.h5,/Users/anykong/AAL_SD/data/Landslide4Sense/TrainData/mask/image_1313.h5
image_1427,/Users/anykong/AAL_SD/data/Landslide4Sense/TrainData/img/image_1427.h5,/Users/anykong/AAL_SD/data/Landslide4Sense/TrainData/mask/image_1427.h5
image_288,/Users/anykong/AAL_SD/data/Landslide4Sense/TrainData/img/image_288.h5,/Users/anykong/AAL_SD/data/Landslide4Sense/TrainData/mask/image_288.h5
image_2793,/Users/anykong/AAL_SD/data/Landslide4Sense/TrainData/img/image_2793.h5,/Users/anykong/AAL_SD/data/Landslide4Sense/TrainData/mask/image_2793.h5
image_2900,/Users/anykong/AAL_SD/data/Landslide4Sense/TrainData/img/image_2900.h5,/Users/anykong/AAL_SD/data/Landslide4Sense/TrainData/mask/image_2900.h5
image_1585,/Users/anykong/AAL_SD/data/Landslide4Sense/TrainData/img/image_1585.h5,/Users/anykong/AAL_SD/data/Landslide4Sense/TrainData/mask/image_1585.h5
image_2860,/Users/anykong/AAL_SD/data/Landslide4Sense/TrainData/img/image_2860.h5,/Users/anykong/AAL_SD/data/Landslide4Sense/TrainData/mask/image_2860.h5
image_549,/Users/anykong/AAL_SD/data/Landslide4Sense/TrainData/img/image_549.h5,/Users/anykong/AAL_SD/data/Landslide4Sense/TrainData/mask/image_549.h5
image_1052,/Users/anykong/AAL_SD/data/Landslide4Sense/TrainData/img/image_1052.h5,/Users/anykong/AAL_SD/data/Landslide4Sense/TrainData/mask/image_1052.h5
image_2707,/Users/anykong/AAL_SD/data/Landslide4Sense/TrainData/img/image_2707.h5,/Users/anykong/AAL_SD/data/Landslide4Sense/TrainData/mask/image_2707.h5
image_2783,/Users/anykong/AAL_SD/data/Landslide4Sense/TrainData/img/image_2783.h5,/Users/anykong/AAL_SD/data/Landslide4Sense/TrainData/mask/image_2783.h5
image_163,/Users/anykong/AAL_SD/data/Landslide4Sense/TrainData/img/image_163.h5,/Users/anykong/AAL_SD/data/Landslide4Sense/TrainData/mask/image_163.h5
image_3062,/Users/anykong/AAL_SD/data/Landslide4Sense/TrainData/img/image_3062.h5,/Users/anykong/AAL_SD/data/Landslide4Sense/TrainData/mask/image_3062.h5
image_2902,/Users/anykong/AAL_SD/data/Landslide4Sense/TrainData/img/image_2902.h5,/Users/anykong/AAL_SD/data/Landslide4Sense/TrainData/mask/image_2902.h5
image_420,/Users/anykong/AAL_SD/data/Landslide4Sense/TrainData/img/image_420.h5,/Users/anykong/AAL_SD/data/Landslide4Sense/TrainData/mask/image_420.h5
image_20,/Users/anykong/AAL_SD/data/Landslide4Sense/TrainData/img/image_20.h5,/Users/anykong/AAL_SD/data/Landslide4Sense/TrainData/mask/image_20.h5
image_407,/Users/anykong/AAL_SD/data/Landslide4Sense/TrainData/img/image_407.h5,/Users/anykong/AAL_SD/data/Landslide4Sense/TrainData/mask/image_407.h5
image_1228,/Users/anykong/AAL_SD/data/Landslide4Sense/TrainData/img/image_1228.h5,/Users/anykong/AAL_SD/data/Landslide4Sense/TrainData/mask/image_1228.h5
image_3031,/Users/anykong/AAL_SD/data/Landslide4Sense/TrainData/img/image_3031.h5,/Users/anykong/AAL_SD/data/Landslide4Sense/TrainData/mask/image_3031.h5
image_95,/Users/anykong/AAL_SD/data/Landslide4Sense/TrainData/img/image_95.h5,/Users/anykong/AAL_SD/data/Landslide4Sense/TrainData/mask/image_95.h5
image_3291,/Users/anykong/AAL_SD/data/Landslide4Sense/TrainData/img/image_3291.h5,/Users/anykong/AAL_SD/data/Landslide4Sense/TrainData/mask/image_3291.h5
image_322,/Users/anykong/AAL_SD/data/Landslide4Sense/TrainData/img/image_322.h5,/Users/anykong/AAL_SD/data/Landslide4Sense/TrainData/mask/image_322.h5
image_3001,/Users/anykong/AAL_SD/data/Landslide4Sense/TrainData/img/image_3001.h5,/Users/anykong/AAL_SD/data/Landslide4Sense/TrainData/mask/image_3001.h5
image_498,/Users/anykong/AAL_SD/data/Landslide4Sense/TrainData/img/image_498.h5,/Users/anykong/AAL_SD/data/Landslide4Sense/TrainData/mask/image_498.h5
image_425,/Users/anykong/AAL_SD/data/Landslide4Sense/TrainData/img/image_425.h5,/Users/anykong/AAL_SD/data/Landslide4Sense/TrainData/mask/image_425.h5
image_1841,/Users/anykong/AAL_SD/data/Landslide4Sense/TrainData/img/image_1841.h5,/Users/anykong/AAL_SD/data/Landslide4Sense/TrainData/mask/image_1841.h5
image_687,/Users/anykong/AAL_SD/data/Landslide4Sense/TrainData/img/image_687.h5,/Users/anykong/AAL_SD/data/Landslide4Sense/TrainData/mask/image_687.h5
image_3351,/Users/anykong/AAL_SD/data/Landslide4Sense/TrainData/img/image_3351.h5,/Users/anykong/AAL_SD/data/Landslide4Sense/TrainData/mask/image_3351.h5
image_2701,/Users/anykong/AAL_SD/data/Landslide4Sense/TrainData/img/image_2701.h5,/Users/anykong/AAL_SD/data/Landslide4Sense/TrainData/mask/image_2701.h5
image_1520,/Users/anykong/AAL_SD/data/Landslide4Sense/TrainData/img/image_1520.h5,/Users/anykong/AAL_SD/data/Landslide4Sense/TrainData/mask/image_1520.h5
image_3267,/Users/anykong/AAL_SD/data/Landslide4Sense/TrainData/img/image_3267.h5,/Users/anykong/AAL_SD/data/Landslide4Sense/TrainData/mask/image_3267.h5
image_121,/Users/anykong/AAL_SD/data/Landslide4Sense/TrainData/img/image_121.h5,/Users/anykong/AAL_SD/data/Landslide4Sense/TrainData/mask/image_121.h5
image_38,/Users/anykong/AAL_SD/data/Landslide4Sense/TrainData/img/image_38.h5,/Users/anykong/AAL_SD/data/Landslide4Sense/TrainData/mask/image_38.h5
image_1844,/Users/anykong/AAL_SD/data/Landslide4Sense/TrainData/img/image_1844.h5,/Users/anykong/AAL_SD/data/Landslide4Sense/TrainData/mask/image_1844.h5
image_1234,/Users/anykong/AAL_SD/data/Landslide4Sense/TrainData/img/image_1234.h5,/Users/anykong/AAL_SD/data/Landslide4Sense/TrainData/mask/image_1234.h5
image_2113,/Users/anykong/AAL_SD/data/Landslide4Sense/TrainData/img/image_2113.h5,/Users/anykong/AAL_SD/data/Landslide4Sense/TrainData/mask/image_2113.h5
image_1634,/Users/anykong/AAL_SD/data/Landslide4Sense/TrainData/img/image_1634.h5,/Users/anykong/AAL_SD/data/Landslide4Sense/TrainData/mask/image_1634.h5
image_551,/Users/anykong/AAL_SD/data/Landslide4Sense/TrainData/img/image_551.h5,/Users/anykong/AAL_SD/data/Landslide4Sense/TrainData/mask/image_551.h5
image_443,/Users/anykong/AAL_SD/data/Landslide4Sense/TrainData/img/image_443.h5,/Users/anykong/AAL_SD/data/Landslide4Sense/TrainData/mask/image_443.h5
image_249,/Users/anykong/AAL_SD/data/Landslide4Sense/TrainData/img/image_249.h5,/Users/anykong/AAL_SD/data/Landslide4Sense/TrainData/mask/image_249.h5
image_1012,/Users/anykong/AAL_SD/data/Landslide4Sense/TrainData/img/image_1012.h5,/Users/anykong/AAL_SD/data/Landslide4Sense/TrainData/mask/image_1012.h5
image_1920,/Users/anykong/AAL_SD/data/Landslide4Sense/TrainData/img/image_1920.h5,/Users/anykong/AAL_SD/data/Landslide4Sense/TrainData/mask/image_1920.h5
image_3313,/Users/anykong/AAL_SD/data/Landslide4Sense/TrainData/img/image_3313.h5,/Users/anykong/AAL_SD/data/Landslide4Sense/TrainData/mask/image_3313.h5
image_3625,/Users/anykong/AAL_SD/data/Landslide4Sense/TrainData/img/image_3625.h5,/Users/anykong/AAL_SD/data/Landslide4Sense/TrainData/mask/image_3625.h5
image_979,/Users/anykong/AAL_SD/data/Landslide4Sense/TrainData/img/image_979.h5,/Users/anykong/AAL_SD/data/Landslide4Sense/TrainData/mask/image_979.h5
image_1596,/Users/anykong/AAL_SD/data/Landslide4Sense/TrainData/img/image_1596.h5,/Users/anykong/AAL_SD/data/Landslide4Sense/TrainData/mask/image_1596.h5
image_333,/Users/anykong/AAL_SD/data/Landslide4Sense/TrainData/img/image_333.h5,/Users/anykong/AAL_SD/data/Landslide4Sense/TrainData/mask/image_333.h5
image_1340,/Users/anykong/AAL_SD/data/Landslide4Sense/TrainData/img/image_1340.h5,/Users/anykong/AAL_SD/data/Landslide4Sense/TrainData/mask/image_1340.h5
image_2474,/Users/anykong/AAL_SD/data/Landslide4Sense/TrainData/img/image_2474.h5,/Users/anykong/AAL_SD/data/Landslide4Sense/TrainData/mask/image_2474.h5
image_1517,/Users/anykong/AAL_SD/data/Landslide4Sense/TrainData/img/image_1517.h5,/Users/anykong/AAL_SD/data/Landslide4Sense/TrainData/mask/image_1517.h5
image_848,/Users/anykong/AAL_SD/data/Landslide4Sense/TrainData/img/image_848.h5,/Users/anykong/AAL_SD/data/Landslide4Sense/TrainData/mask/image_848.h5
image_896,/Users/anykong/AAL_SD/data/Landslide4Sense/TrainData/img/image_896.h5,/Users/anykong/AAL_SD/data/Landslide4Sense/TrainData/mask/image_896.h5
image_3495,/Users/anykong/AAL_SD/data/Landslide4Sense/TrainData/img/image_3495.h5,/Users/anykong/AAL_SD/data/Landslide4Sense/TrainData/mask/image_3495.h5
image_2854,/Users/anykong/AAL_SD/data/Landslide4Sense/TrainData/img/image_2854.h5,/Users/anykong/AAL_SD/data/Landslide4Sense/TrainData/mask/image_2854.h5
image_2013,/Users/anykong/AAL_SD/data/Landslide4Sense/TrainData/img/image_2013.h5,/Users/anykong/AAL_SD/data/Landslide4Sense/TrainData/mask/image_2013.h5
image_1265,/Users/anykong/AAL_SD/data/Landslide4Sense/TrainData/img/image_1265.h5,/Users/anykong/AAL_SD/data/Landslide4Sense/TrainData/mask/image_1265.h5
image_2086,/Users/anykong/AAL_SD/data/Landslide4Sense/TrainData/img/image_2086.h5,/Users/anykong/AAL_SD/data/Landslide4Sense/TrainData/mask/image_2086.h5
image_1476,/Users/anykong/AAL_SD/data/Landslide4Sense/TrainData/img/image_1476.h5,/Users/anykong/AAL_SD/data/Landslide4Sense/TrainData/mask/image_1476.h5
image_751,/Users/anykong/AAL_SD/data/Landslide4Sense/TrainData/img/image_751.h5,/Users/anykong/AAL_SD/data/Landslide4Sense/TrainData/mask/image_751.h5
image_2989,/Users/anykong/AAL_SD/data/Landslide4Sense/TrainData/img/image_2989.h5,/Users/anykong/AAL_SD/data/Landslide4Sense/TrainData/mask/image_2989.h5
image_3651,/Users/anykong/AAL_SD/data/Landslide4Sense/TrainData/img/image_3651.h5,/Users/anykong/AAL_SD/data/Landslide4Sense/TrainData/mask/image_3651.h5
image_2385,/Users/anykong/AAL_SD/data/Landslide4Sense/TrainData/img/image_2385.h5,/Users/anykong/AAL_SD/data/Landslide4Sense/TrainData/mask/image_2385.h5
image_1205,/Users/anykong/AAL_SD/data/Landslide4Sense/TrainData/img/image_1205.h5,/Users/anykong/AAL_SD/data/Landslide4Sense/TrainData/mask/image_1205.h5
image_1706,/Users/anykong/AAL_SD/data/Landslide4Sense/TrainData/img/image_1706.h5,/Users/anykong/AAL_SD/data/Landslide4Sense/TrainData/mask/image_1706.h5
image_1554,/Users/anykong/AAL_SD/data/Landslide4Sense/TrainData/img/image_1554.h5,/Users/anykong/AAL_SD/data/Landslide4Sense/TrainData/mask/image_1554.h5
image_2984,/Users/anykong/AAL_SD/data/Landslide4Sense/TrainData/img/image_2984.h5,/Users/anykong/AAL_SD/data/Landslide4Sense/TrainData/mask/image_2984.h5
image_3780,/Users/anykong/AAL_SD/data/Landslide4Sense/TrainData/img/image_3780.h5,/Users/anykong/AAL_SD/data/Landslide4Sense/TrainData/mask/image_3780.h5
image_459,/Users/anykong/AAL_SD/data/Landslide4Sense/TrainData/img/image_459.h5,/Users/anykong/AAL_SD/data/Landslide4Sense/TrainData/mask/image_459.h5
image_1315,/Users/anykong/AAL_SD/data/Landslide4Sense/TrainData/img/image_1315.h5,/Users/anykong/AAL_SD/data/Landslide4Sense/TrainData/mask/image_1315.h5
image_2953,/Users/anykong/AAL_SD/data/Landslide4Sense/TrainData/img/image_2953.h5,/Users/anykong/AAL_SD/data/Landslide4Sense/TrainData/mask/image_2953.h5
image_3737,/Users/anykong/AAL_SD/data/Landslide4Sense/TrainData/img/image_3737.h5,/Users/anykong/AAL_SD/data/Landslide4Sense/TrainData/mask/image_3737.h5
image_3767,/Users/anykong/AAL_SD/data/Landslide4Sense/TrainData/img/image_3767.h5,/Users/anykong/AAL_SD/data/Landslide4Sense/TrainData/mask/image_3767.h5
image_2616,/Users/anykong/AAL_SD/data/Landslide4Sense/TrainData/img/image_2616.h5,/Users/anykong/AAL_SD/data/Landslide4Sense/TrainData/mask/image_2616.h5
image_2650,/Users/anykong/AAL_SD/data/Landslide4Sense/TrainData/img/image_2650.h5,/Users/anykong/AAL_SD/data/Landslide4Sense/TrainData/mask/image_2650.h5
image_3558,/Users/anykong/AAL_SD/data/Landslide4Sense/TrainData/img/image_3558.h5,/Users/anykong/AAL_SD/data/Landslide4Sense/TrainData/mask/image_3558.h5
image_2898,/Users/anykong/AAL_SD/data/Landslide4Sense/TrainData/img/image_2898.h5,/Users/anykong/AAL_SD/data/Landslide4Sense/TrainData/mask/image_2898.h5
image_1852,/Users/anykong/AAL_SD/data/Landslide4Sense/TrainData/img/image_1852.h5,/Users/anykong/AAL_SD/data/Landslide4Sense/TrainData/mask/image_1852.h5
image_2852,/Users/anykong/AAL_SD/data/Landslide4Sense/TrainData/img/image_2852.h5,/Users/anykong/AAL_SD/data/Landslide4Sense/TrainData/mask/image_2852.h5
image_1463,/Users/anykong/AAL_SD/data/Landslide4Sense/TrainData/img/image_1463.h5,/Users/anykong/AAL_SD/data/Landslide4Sense/TrainData/mask/image_1463.h5
image_1650,/Users/anykong/AAL_SD/data/Landslide4Sense/TrainData/img/image_1650.h5,/Users/anykong/AAL_SD/data/Landslide4Sense/TrainData/mask/image_1650.h5
image_2288,/Users/anykong/AAL_SD/data/Landslide4Sense/TrainData/img/image_2288.h5,/Users/anykong/AAL_SD/data/Landslide4Sense/TrainData/mask/image_2288.h5
image_2859,/Users/anykong/AAL_SD/data/Landslide4Sense/TrainData/img/image_2859.h5,/Users/anykong/AAL_SD/data/Landslide4Sense/TrainData/mask/image_2859.h5
image_2176,/Users/anykong/AAL_SD/data/Landslide4Sense/TrainData/img/image_2176.h5,/Users/anykong/AAL_SD/data/Landslide4Sense/TrainData/mask/image_2176.h5
image_1056,/Users/anykong/AAL_SD/data/Landslide4Sense/TrainData/img/image_1056.h5,/Users/anykong/AAL_SD/data/Landslide4Sense/TrainData/mask/image_1056.h5
image_3125,/Users/anykong/AAL_SD/data/Landslide4Sense/TrainData/img/image_3125.h5,/Users/anykong/AAL_SD/data/Landslide4Sense/TrainData/mask/image_3125.h5
image_1594,/Users/anykong/AAL_SD/data/Landslide4Sense/TrainData/img/image_1594.h5,/Users/anykong/AAL_SD/data/Landslide4Sense/TrainData/mask/image_1594.h5
image_3065,/Users/anykong/AAL_SD/data/Landslide4Sense/TrainData/img/image_3065.h5,/Users/anykong/AAL_SD/data/Landslide4Sense/TrainData/mask/image_3065.h5
image_1379,/Users/anykong/AAL_SD/data/Landslide4Sense/TrainData/img/image_1379.h5,/Users/anykong/AAL_SD/data/Landslide4Sense/TrainData/mask/image_1379.h5
image_2050,/Users/anykong/AAL_SD/data/Landslide4Sense/TrainData/img/image_2050.h5,/Users/anykong/AAL_SD/data/Landslide4Sense/TrainData/mask/image_2050.h5
image_1343,/Users/anykong/AAL_SD/data/Landslide4Sense/TrainData/img/image_1343.h5,/Users/anykong/AAL_SD/data/Landslide4Sense/TrainData/mask/image_1343.h5
image_716,/Users/anykong/AAL_SD/data/Landslide4Sense/TrainData/img/image_716.h5,/Users/anykong/AAL_SD/data/Landslide4Sense/TrainData/mask/image_716.h5
image_1202,/Users/anykong/AAL_SD/data/Landslide4Sense/TrainData/img/image_1202.h5,/Users/anykong/AAL_SD/data/Landslide4Sense/TrainData/mask/image_1202.h5
image_793,/Users/anykong/AAL_SD/data/Landslide4Sense/TrainData/img/image_793.h5,/Users/anykong/AAL_SD/data/Landslide4Sense/TrainData/mask/image_793.h5
image_1225,/Users/anykong/AAL_SD/data/Landslide4Sense/TrainData/img/image_1225.h5,/Users/anykong/AAL_SD/data/Landslide4Sense/TrainData/mask/image_1225.h5
image_3406,/Users/anykong/AAL_SD/data/Landslide4Sense/TrainData/img/image_3406.h5,/Users/anykong/AAL_SD/data/Landslide4Sense/TrainData/mask/image_3406.h5
image_1057,/Users/anykong/AAL_SD/data/Landslide4Sense/TrainData/img/image_1057.h5,/Users/anykong/AAL_SD/data/Landslide4Sense/TrainData/mask/image_1057.h5
image_2653,/Users/anykong/AAL_SD/data/Landslide4Sense/TrainData/img/image_2653.h5,/Users/anykong/AAL_SD/data/Landslide4Sense/TrainData/mask/image_2653.h5
image_291,/Users/anykong/AAL_SD/data/Landslide4Sense/TrainData/img/image_291.h5,/Users/anykong/AAL_SD/data/Landslide4Sense/TrainData/mask/image_291.h5
image_2153,/Users/anykong/AAL_SD/data/Landslide4Sense/TrainData/img/image_2153.h5,/Users/anykong/AAL_SD/data/Landslide4Sense/TrainData/mask/image_2153.h5
image_953,/Users/anykong/AAL_SD/data/Landslide4Sense/TrainData/img/image_953.h5,/Users/anykong/AAL_SD/data/Landslide4Sense/TrainData/mask/image_953.h5
image_658,/Users/anykong/AAL_SD/data/Landslide4Sense/TrainData/img/image_658.h5,/Users/anykong/AAL_SD/data/Landslide4Sense/TrainData/mask/image_658.h5
image_706,/Users/anykong/AAL_SD/data/Landslide4Sense/TrainData/img/image_706.h5,/Users/anykong/AAL_SD/data/Landslide4Sense/TrainData/mask/image_706.h5
image_2115,/Users/anykong/AAL_SD/data/Landslide4Sense/TrainData/img/image_2115.h5,/Users/anykong/AAL_SD/data/Landslide4Sense/TrainData/mask/image_2115.h5
image_989,/Users/anykong/AAL_SD/data/Landslide4Sense/TrainData/img/image_989.h5,/Users/anykong/AAL_SD/data/Landslide4Sense/TrainData/mask/image_989.h5
image_2245,/Users/anykong/AAL_SD/data/Landslide4Sense/TrainData/img/image_2245.h5,/Users/anykong/AAL_SD/data/Landslide4Sense/TrainData/mask/image_2245.h5
image_3210,/Users/anykong/AAL_SD/data/Landslide4Sense/TrainData/img/image_3210.h5,/Users/anykong/AAL_SD/data/Landslide4Sense/TrainData/mask/image_3210.h5
image_3421,/Users/anykong/AAL_SD/data/Landslide4Sense/TrainData/img/image_3421.h5,/Users/anykong/AAL_SD/data/Landslide4Sense/TrainData/mask/image_3421.h5
image_2611,/Users/anykong/AAL_SD/data/Landslide4Sense/TrainData/img/image_2611.h5,/Users/anykong/AAL_SD/data/Landslide4Sense/TrainData/mask/image_2611.h5
image_3612,/Users/anykong/AAL_SD/data/Landslide4Sense/TrainData/img/image_3612.h5,/Users/anykong/AAL_SD/data/Landslide4Sense/TrainData/mask/image_3612.h5
image_2244,/Users/anykong/AAL_SD/data/Landslide4Sense/TrainData/img/image_2244.h5,/Users/anykong/AAL_SD/data/Landslide4Sense/TrainData/mask/image_2244.h5
image_2848,/Users/anykong/AAL_SD/data/Landslide4Sense/TrainData/img/image_2848.h5,/Users/anykong/AAL_SD/data/Landslide4Sense/TrainData/mask/image_2848.h5
image_2259,/Users/anykong/AAL_SD/data/Landslide4Sense/TrainData/img/image_2259.h5,/Users/anykong/AAL_SD/data/Landslide4Sense/TrainData/mask/image_2259.h5
image_2736,/Users/anykong/AAL_SD/data/Landslide4Sense/TrainData/img/image_2736.h5,/Users/anykong/AAL_SD/data/Landslide4Sense/TrainData/mask/image_2736.h5
image_2329,/Users/anykong/AAL_SD/data/Landslide4Sense/TrainData/img/image_2329.h5,/Users/anykong/AAL_SD/data/Landslide4Sense/TrainData/mask/image_2329.h5
image_1431,/Users/anykong/AAL_SD/data/Landslide4Sense/TrainData/img/image_1431.h5,/Users/anykong/AAL_SD/data/Landslide4Sense/TrainData/mask/image_1431.h5
image_3077,/Users/anykong/AAL_SD/data/Landslide4Sense/TrainData/img/image_3077.h5,/Users/anykong/AAL_SD/data/Landslide4Sense/TrainData/mask/image_3077.h5
image_404,/Users/anykong/AAL_SD/data/Landslide4Sense/TrainData/img/image_404.h5,/Users/anykong/AAL_SD/data/Landslide4Sense/TrainData/mask/image_404.h5
image_110,/Users/anykong/AAL_SD/data/Landslide4Sense/TrainData/img/image_110.h5,/Users/anykong/AAL_SD/data/Landslide4Sense/TrainData/mask/image_110.h5
image_416,/Users/anykong/AAL_SD/data/Landslide4Sense/TrainData/img/image_416.h5,/Users/anykong/AAL_SD/data/Landslide4Sense/TrainData/mask/image_416.h5
image_377,/Users/anykong/AAL_SD/data/Landslide4Sense/TrainData/img/image_377.h5,/Users/anykong/AAL_SD/data/Landslide4Sense/TrainData/mask/image_377.h5
image_1548,/Users/anykong/AAL_SD/data/Landslide4Sense/TrainData/img/image_1548.h5,/Users/anykong/AAL_SD/data/Landslide4Sense/TrainData/mask/image_1548.h5
image_1351,/Users/anykong/AAL_SD/data/Landslide4Sense/TrainData/img/image_1351.h5,/Users/anykong/AAL_SD/data/Landslide4Sense/TrainData/mask/image_1351.h5
image_3301,/Users/anykong/AAL_SD/data/Landslide4Sense/TrainData/img/image_3301.h5,/Users/anykong/AAL_SD/data/Landslide4Sense/TrainData/mask/image_3301.h5
image_2218,/Users/anykong/AAL_SD/data/Landslide4Sense/TrainData/img/image_2218.h5,/Users/anykong/AAL_SD/data/Landslide4Sense/TrainData/mask/image_2218.h5
image_3177,/Users/anykong/AAL_SD/data/Landslide4Sense/TrainData/img/image_3177.h5,/Users/anykong/AAL_SD/data/Landslide4Sense/TrainData/mask/image_3177.h5
image_2629,/Users/anykong/AAL_SD/data/Landslide4Sense/TrainData/img/image_2629.h5,/Users/anykong/AAL_SD/data/Landslide4Sense/TrainData/mask/image_2629.h5
image_2324,/Users/anykong/AAL_SD/data/Landslide4Sense/TrainData/img/image_2324.h5,/Users/anykong/AAL_SD/data/Landslide4Sense/TrainData/mask/image_2324.h5
image_2250,/Users/anykong/AAL_SD/data/Landslide4Sense/TrainData/img/image_2250.h5,/Users/anykong/AAL_SD/data/Landslide4Sense/TrainData/mask/image_2250.h5
image_2562,/Users/anykong/AAL_SD/data/Landslide4Sense/TrainData/img/image_2562.h5,/Users/anykong/AAL_SD/data/Landslide4Sense/TrainData/mask/image_2562.h5
image_3639,/Users/anykong/AAL_SD/data/Landslide4Sense/TrainData/img/image_3639.h5,/Users/anykong/AAL_SD/data/Landslide4Sense/TrainData/mask/image_3639.h5
image_2744,/Users/anykong/AAL_SD/data/Landslide4Sense/TrainData/img/image_2744.h5,/Users/anykong/AAL_SD/data/Landslide4Sense/TrainData/mask/image_2744.h5
image_1300,/Users/anykong/AAL_SD/data/Landslide4Sense/TrainData/img/image_1300.h5,/Users/anykong/AAL_SD/data/Landslide4Sense/TrainData/mask/image_1300.h5
image_1697,/Users/anykong/AAL_SD/data/Landslide4Sense/TrainData/img/image_1697.h5,/Users/anykong/AAL_SD/data/Landslide4Sense/TrainData/mask/image_1697.h5
image_137,/Users/anykong/AAL_SD/data/Landslide4Sense/TrainData/img/image_137.h5,/Users/anykong/AAL_SD/data/Landslide4Sense/TrainData/mask/image_137.h5
image_667,/Users/anykong/AAL_SD/data/Landslide4Sense/TrainData/img/image_667.h5,/Users/anykong/AAL_SD/data/Landslide4Sense/TrainData/mask/image_667.h5
image_2450,/Users/anykong/AAL_SD/data/Landslide4Sense/TrainData/img/image_2450.h5,/Users/anykong/AAL_SD/data/Landslide4Sense/TrainData/mask/image_2450.h5
image_212,/Users/anykong/AAL_SD/data/Landslide4Sense/TrainData/img/image_212.h5,/Users/anykong/AAL_SD/data/Landslide4Sense/TrainData/mask/image_212.h5
image_1788,/Users/anykong/AAL_SD/data/Landslide4Sense/TrainData/img/image_1788.h5,/Users/anykong/AAL_SD/data/Landslide4Sense/TrainData/mask/image_1788.h5
image_3624,/Users/anykong/AAL_SD/data/Landslide4Sense/TrainData/img/image_3624.h5,/Users/anykong/AAL_SD/data/Landslide4Sense/TrainData/mask/image_3624.h5
image_3013,/Users/anykong/AAL_SD/data/Landslide4Sense/TrainData/img/image_3013.h5,/Users/anykong/AAL_SD/data/Landslide4Sense/TrainData/mask/image_3013.h5
image_3677,/Users/anykong/AAL_SD/data/Landslide4Sense/TrainData/img/image_3677.h5,/Users/anykong/AAL_SD/data/Landslide4Sense/TrainData/mask/image_3677.h5
image_1356,/Users/anykong/AAL_SD/data/Landslide4Sense/TrainData/img/image_1356.h5,/Users/anykong/AAL_SD/data/Landslide4Sense/TrainData/mask/image_1356.h5
image_1092,/Users/anykong/AAL_SD/data/Landslide4Sense/TrainData/img/image_1092.h5,/Users/anykong/AAL_SD/data/Landslide4Sense/TrainData/mask/image_1092.h5
image_3017,/Users/anykong/AAL_SD/data/Landslide4Sense/TrainData/img/image_3017.h5,/Users/anykong/AAL_SD/data/Landslide4Sense/TrainData/mask/image_3017.h5
image_1255,/Users/anykong/AAL_SD/data/Landslide4Sense/TrainData/img/image_1255.h5,/Users/anykong/AAL_SD/data/Landslide4Sense/TrainData/mask/image_1255.h5
image_2408,/Users/anykong/AAL_SD/data/Landslide4Sense/TrainData/img/image_2408.h5,/Users/anykong/AAL_SD/data/Landslide4Sense/TrainData/mask/image_2408.h5
image_6,/Users/anykong/AAL_SD/data/Landslide4Sense/TrainData/img/image_6.h5,/Users/anykong/AAL_SD/data/Landslide4Sense/TrainData/mask/image_6.h5
image_3437,/Users/anykong/AAL_SD/data/Landslide4Sense/TrainData/img/image_3437.h5,/Users/anykong/AAL_SD/data/Landslide4Sense/TrainData/mask/image_3437.h5
image_533,/Users/anykong/AAL_SD/data/Landslide4Sense/TrainData/img/image_533.h5,/Users/anykong/AAL_SD/data/Landslide4Sense/TrainData/mask/image_533.h5
image_1319,/Users/anykong/AAL_SD/data/Landslide4Sense/TrainData/img/image_1319.h5,/Users/anykong/AAL_SD/data/Landslide4Sense/TrainData/mask/image_1319.h5
image_2166,/Users/anykong/AAL_SD/data/Landslide4Sense/TrainData/img/image_2166.h5,/Users/anykong/AAL_SD/data/Landslide4Sense/TrainData/mask/image_2166.h5
image_2742,/Users/anykong/AAL_SD/data/Landslide4Sense/TrainData/img/image_2742.h5,/Users/anykong/AAL_SD/data/Landslide4Sense/TrainData/mask/image_2742.h5
image_2668,/Users/anykong/AAL_SD/data/Landslide4Sense/TrainData/img/image_2668.h5,/Users/anykong/AAL_SD/data/Landslide4Sense/TrainData/mask/image_2668.h5
image_2999,/Users/anykong/AAL_SD/data/Landslide4Sense/TrainData/img/image_2999.h5,/Users/anykong/AAL_SD/data/Landslide4Sense/TrainData/mask/image_2999.h5
image_2822,/Users/anykong/AAL_SD/data/Landslide4Sense/TrainData/img/image_2822.h5,/Users/anykong/AAL_SD/data/Landslide4Sense/TrainData/mask/image_2822.h5
image_1832,/Users/anykong/AAL_SD/data/Landslide4Sense/TrainData/img/image_1832.h5,/Users/anykong/AAL_SD/data/Landslide4Sense/TrainData/mask/image_1832.h5
image_3367,/Users/anykong/AAL_SD/data/Landslide4Sense/TrainData/img/image_3367.h5,/Users/anykong/AAL_SD/data/Landslide4Sense/TrainData/mask/image_3367.h5
image_1709,/Users/anykong/AAL_SD/data/Landslide4Sense/TrainData/img/image_1709.h5,/Users/anykong/AAL_SD/data/Landslide4Sense/TrainData/mask/image_1709.h5
image_2275,/Users/anykong/AAL_SD/data/Landslide4Sense/TrainData/img/image_2275.h5,/Users/anykong/AAL_SD/data/Landslide4Sense/TrainData/mask/image_2275.h5
image_1848,/Users/anykong/AAL_SD/data/Landslide4Sense/TrainData/img/image_1848.h5,/Users/anykong/AAL_SD/data/Landslide4Sense/TrainData/mask/image_1848.h5
image_655,/Users/anykong/AAL_SD/data/Landslide4Sense/TrainData/img/image_655.h5,/Users/anykong/AAL_SD/data/Landslide4Sense/TrainData/mask/image_655.h5
image_2425,/Users/anykong/AAL_SD/data/Landslide4Sense/TrainData/img/image_2425.h5,/Users/anykong/AAL_SD/data/Landslide4Sense/TrainData/mask/image_2425.h5
image_1678,/Users/anykong/AAL_SD/data/Landslide4Sense/TrainData/img/image_1678.h5,/Users/anykong/AAL_SD/data/Landslide4Sense/TrainData/mask/image_1678.h5
image_3073,/Users/anykong/AAL_SD/data/Landslide4Sense/TrainData/img/image_3073.h5,/Users/anykong/AAL_SD/data/Landslide4Sense/TrainData/mask/image_3073.h5
image_2545,/Users/anykong/AAL_SD/data/Landslide4Sense/TrainData/img/image_2545.h5,/Users/anykong/AAL_SD/data/Landslide4Sense/TrainData/mask/image_2545.h5
image_316,/Users/anykong/AAL_SD/data/Landslide4Sense/TrainData/img/image_316.h5,/Users/anykong/AAL_SD/data/Landslide4Sense/TrainData/mask/image_316.h5
image_1547,/Users/anykong/AAL_SD/data/Landslide4Sense/TrainData/img/image_1547.h5,/Users/anykong/AAL_SD/data/Landslide4Sense/TrainData/mask/image_1547.h5
image_1244,/Users/anykong/AAL_SD/data/Landslide4Sense/TrainData/img/image_1244.h5,/Users/anykong/AAL_SD/data/Landslide4Sense/TrainData/mask/image_1244.h5
image_146,/Users/anykong/AAL_SD/data/Landslide4Sense/TrainData/img/image_146.h5,/Users/anykong/AAL_SD/data/Landslide4Sense/TrainData/mask/image_146.h5
image_1428,/Users/anykong/AAL_SD/data/Landslide4Sense/TrainData/img/image_1428.h5,/Users/anykong/AAL_SD/data/Landslide4Sense/TrainData/mask/image_1428.h5
image_2536,/Users/anykong/AAL_SD/data/Landslide4Sense/TrainData/img/image_2536.h5,/Users/anykong/AAL_SD/data/Landslide4Sense/TrainData/mask/image_2536.h5
image_3223,/Users/anykong/AAL_SD/data/Landslide4Sense/TrainData/img/image_3223.h5,/Users/anykong/AAL_SD/data/Landslide4Sense/TrainData/mask/image_3223.h5
image_2453,/Users/anykong/AAL_SD/data/Landslide4Sense/TrainData/img/image_2453.h5,/Users/anykong/AAL_SD/data/Landslide4Sense/TrainData/mask/image_2453.h5
image_2548,/Users/anykong/AAL_SD/data/Landslide4Sense/TrainData/img/image_2548.h5,/Users/anykong/AAL_SD/data/Landslide4Sense/TrainData/mask/image_2548.h5
image_3718,/Users/anykong/AAL_SD/data/Landslide4Sense/TrainData/img/image_3718.h5,/Users/anykong/AAL_SD/data/Landslide4Sense/TrainData/mask/image_3718.h5
image_1430,/Users/anykong/AAL_SD/data/Landslide4Sense/TrainData/img/image_1430.h5,/Users/anykong/AAL_SD/data/Landslide4Sense/TrainData/mask/image_1430.h5
image_330,/Users/anykong/AAL_SD/data/Landslide4Sense/TrainData/img/image_330.h5,/Users/anykong/AAL_SD/data/Landslide4Sense/TrainData/mask/image_330.h5
image_3547,/Users/anykong/AAL_SD/data/Landslide4Sense/TrainData/img/image_3547.h5,/Users/anykong/AAL_SD/data/Landslide4Sense/TrainData/mask/image_3547.h5
image_2895,/Users/anykong/AAL_SD/data/Landslide4Sense/TrainData/img/image_2895.h5,/Users/anykong/AAL_SD/data/Landslide4Sense/TrainData/mask/image_2895.h5
image_3590,/Users/anykong/AAL_SD/data/Landslide4Sense/TrainData/img/image_3590.h5,/Users/anykong/AAL_SD/data/Landslide4Sense/TrainData/mask/image_3590.h5
image_2452,/Users/anykong/AAL_SD/data/Landslide4Sense/TrainData/img/image_2452.h5,/Users/anykong/AAL_SD/data/Landslide4Sense/TrainData/mask/image_2452.h5
image_1935,/Users/anykong/AAL_SD/data/Landslide4Sense/TrainData/img/image_1935.h5,/Users/anykong/AAL_SD/data/Landslide4Sense/TrainData/mask/image_1935.h5
image_1628,/Users/anykong/AAL_SD/data/Landslide4Sense/TrainData/img/image_1628.h5,/Users/anykong/AAL_SD/data/Landslide4Sense/TrainData/mask/image_1628.h5
image_933,/Users/anykong/AAL_SD/data/Landslide4Sense/TrainData/img/image_933.h5,/Users/anykong/AAL_SD/data/Landslide4Sense/TrainData/mask/image_933.h5
image_468,/Users/anykong/AAL_SD/data/Landslide4Sense/TrainData/img/image_468.h5,/Users/anykong/AAL_SD/data/Landslide4Sense/TrainData/mask/image_468.h5
image_2533,/Users/anykong/AAL_SD/data/Landslide4Sense/TrainData/img/image_2533.h5,/Users/anykong/AAL_SD/data/Landslide4Sense/TrainData/mask/image_2533.h5
image_2192,/Users/anykong/AAL_SD/data/Landslide4Sense/TrainData/img/image_2192.h5,/Users/anykong/AAL_SD/data/Landslide4Sense/TrainData/mask/image_2192.h5
image_370,/Users/anykong/AAL_SD/data/Landslide4Sense/TrainData/img/image_370.h5,/Users/anykong/AAL_SD/data/Landslide4Sense/TrainData/mask/image_370.h5
